v_in	V(u_out)
0.000000000000000e+00	1.798473e+00
1.000000000000000e-03	1.798474e+00
2.000000000000000e-03	1.798475e+00
3.000000000000000e-03	1.798476e+00
4.000000000000000e-03	1.798477e+00
5.000000000000000e-03	1.798478e+00
6.000000000000000e-03	1.798478e+00
7.000000000000000e-03	1.798479e+00
8.000000000000000e-03	1.798480e+00
9.000000000000001e-03	1.798481e+00
1.000000000000000e-02	1.798482e+00
1.100000000000000e-02	1.798483e+00
1.200000000000000e-02	1.798483e+00
1.300000000000000e-02	1.798484e+00
1.400000000000001e-02	1.798485e+00
1.500000000000001e-02	1.798486e+00
1.600000000000001e-02	1.798487e+00
1.700000000000001e-02	1.798488e+00
1.800000000000001e-02	1.798489e+00
1.900000000000001e-02	1.798489e+00
2.000000000000001e-02	1.798490e+00
2.100000000000001e-02	1.798491e+00
2.200000000000001e-02	1.798492e+00
2.300000000000001e-02	1.798493e+00
2.400000000000001e-02	1.798494e+00
2.500000000000002e-02	1.798495e+00
2.600000000000002e-02	1.798495e+00
2.700000000000002e-02	1.798496e+00
2.800000000000002e-02	1.798497e+00
2.900000000000002e-02	1.798498e+00
3.000000000000002e-02	1.798499e+00
3.100000000000002e-02	1.798500e+00
3.200000000000002e-02	1.798501e+00
3.300000000000002e-02	1.798501e+00
3.400000000000002e-02	1.798502e+00
3.500000000000002e-02	1.798503e+00
3.600000000000003e-02	1.798504e+00
3.700000000000003e-02	1.798505e+00
3.800000000000003e-02	1.798506e+00
3.900000000000003e-02	1.798506e+00
4.000000000000003e-02	1.798507e+00
4.100000000000003e-02	1.798508e+00
4.200000000000003e-02	1.798509e+00
4.300000000000003e-02	1.798510e+00
4.400000000000003e-02	1.798511e+00
4.500000000000003e-02	1.798512e+00
4.600000000000003e-02	1.798512e+00
4.700000000000003e-02	1.798513e+00
4.800000000000004e-02	1.798514e+00
4.900000000000004e-02	1.798515e+00
5.000000000000004e-02	1.798516e+00
5.100000000000004e-02	1.798517e+00
5.200000000000004e-02	1.798518e+00
5.300000000000004e-02	1.798518e+00
5.400000000000004e-02	1.798519e+00
5.500000000000004e-02	1.798520e+00
5.600000000000004e-02	1.798521e+00
5.700000000000004e-02	1.798522e+00
5.800000000000004e-02	1.798523e+00
5.900000000000005e-02	1.798524e+00
6.000000000000005e-02	1.798524e+00
6.100000000000005e-02	1.798525e+00
6.200000000000005e-02	1.798526e+00
6.300000000000004e-02	1.798527e+00
6.400000000000004e-02	1.798528e+00
6.500000000000004e-02	1.798529e+00
6.600000000000004e-02	1.798530e+00
6.700000000000005e-02	1.798530e+00
6.800000000000005e-02	1.798531e+00
6.900000000000005e-02	1.798532e+00
7.000000000000005e-02	1.798533e+00
7.100000000000005e-02	1.798534e+00
7.200000000000005e-02	1.798535e+00
7.300000000000005e-02	1.798535e+00
7.400000000000005e-02	1.798536e+00
7.500000000000005e-02	1.798537e+00
7.600000000000005e-02	1.798538e+00
7.700000000000005e-02	1.798539e+00
7.800000000000006e-02	1.798540e+00
7.900000000000006e-02	1.798541e+00
8.000000000000006e-02	1.798541e+00
8.100000000000006e-02	1.798542e+00
8.200000000000006e-02	1.798543e+00
8.300000000000006e-02	1.798544e+00
8.400000000000006e-02	1.798545e+00
8.500000000000006e-02	1.798546e+00
8.600000000000006e-02	1.798547e+00
8.700000000000006e-02	1.798547e+00
8.800000000000006e-02	1.798548e+00
8.900000000000007e-02	1.798549e+00
9.000000000000007e-02	1.798550e+00
9.100000000000007e-02	1.798551e+00
9.200000000000007e-02	1.798552e+00
9.300000000000007e-02	1.798553e+00
9.400000000000007e-02	1.798553e+00
9.500000000000007e-02	1.798554e+00
9.600000000000007e-02	1.798555e+00
9.700000000000007e-02	1.798556e+00
9.800000000000007e-02	1.798557e+00
9.900000000000007e-02	1.798558e+00
1.000000000000001e-01	1.798558e+00
1.010000000000001e-01	1.798559e+00
1.020000000000001e-01	1.798560e+00
1.030000000000001e-01	1.798561e+00
1.040000000000001e-01	1.798562e+00
1.050000000000001e-01	1.798563e+00
1.060000000000001e-01	1.798564e+00
1.070000000000001e-01	1.798564e+00
1.080000000000001e-01	1.798565e+00
1.090000000000001e-01	1.798566e+00
1.100000000000001e-01	1.798567e+00
1.110000000000001e-01	1.798568e+00
1.120000000000001e-01	1.798569e+00
1.130000000000001e-01	1.798570e+00
1.140000000000001e-01	1.798570e+00
1.150000000000001e-01	1.798571e+00
1.160000000000001e-01	1.798572e+00
1.170000000000001e-01	1.798573e+00
1.180000000000001e-01	1.798574e+00
1.190000000000001e-01	1.798575e+00
1.200000000000001e-01	1.798576e+00
1.210000000000001e-01	1.798576e+00
1.220000000000001e-01	1.798577e+00
1.230000000000001e-01	1.798578e+00
1.240000000000001e-01	1.798579e+00
1.250000000000001e-01	1.798580e+00
1.260000000000001e-01	1.798581e+00
1.270000000000001e-01	1.798581e+00
1.280000000000001e-01	1.798582e+00
1.290000000000001e-01	1.798583e+00
1.300000000000001e-01	1.798584e+00
1.310000000000001e-01	1.798585e+00
1.320000000000001e-01	1.798586e+00
1.330000000000001e-01	1.798587e+00
1.340000000000001e-01	1.798587e+00
1.350000000000001e-01	1.798588e+00
1.360000000000001e-01	1.798589e+00
1.370000000000001e-01	1.798590e+00
1.380000000000001e-01	1.798591e+00
1.390000000000001e-01	1.798592e+00
1.400000000000001e-01	1.798593e+00
1.410000000000001e-01	1.798593e+00
1.420000000000001e-01	1.798594e+00
1.430000000000001e-01	1.798595e+00
1.440000000000001e-01	1.798596e+00
1.450000000000001e-01	1.798597e+00
1.460000000000001e-01	1.798598e+00
1.470000000000001e-01	1.798599e+00
1.480000000000001e-01	1.798599e+00
1.490000000000001e-01	1.798600e+00
1.500000000000001e-01	1.798601e+00
1.510000000000001e-01	1.798602e+00
1.520000000000001e-01	1.798603e+00
1.530000000000001e-01	1.798604e+00
1.540000000000001e-01	1.798604e+00
1.550000000000001e-01	1.798605e+00
1.560000000000001e-01	1.798606e+00
1.570000000000001e-01	1.798607e+00
1.580000000000001e-01	1.798608e+00
1.590000000000001e-01	1.798609e+00
1.600000000000001e-01	1.798610e+00
1.610000000000001e-01	1.798610e+00
1.620000000000001e-01	1.798611e+00
1.630000000000001e-01	1.798612e+00
1.640000000000001e-01	1.798613e+00
1.650000000000001e-01	1.798614e+00
1.660000000000001e-01	1.798615e+00
1.670000000000001e-01	1.798616e+00
1.680000000000001e-01	1.798616e+00
1.690000000000001e-01	1.798617e+00
1.700000000000001e-01	1.798618e+00
1.710000000000001e-01	1.798619e+00
1.720000000000001e-01	1.798620e+00
1.730000000000001e-01	1.798621e+00
1.740000000000001e-01	1.798622e+00
1.750000000000001e-01	1.798622e+00
1.760000000000001e-01	1.798623e+00
1.770000000000001e-01	1.798624e+00
1.780000000000001e-01	1.798625e+00
1.790000000000001e-01	1.798626e+00
1.800000000000001e-01	1.798627e+00
1.810000000000001e-01	1.798627e+00
1.820000000000001e-01	1.798628e+00
1.830000000000001e-01	1.798629e+00
1.840000000000001e-01	1.798630e+00
1.850000000000001e-01	1.798631e+00
1.860000000000001e-01	1.798632e+00
1.870000000000001e-01	1.798633e+00
1.880000000000001e-01	1.798633e+00
1.890000000000001e-01	1.798634e+00
1.900000000000001e-01	1.798635e+00
1.910000000000001e-01	1.798636e+00
1.920000000000001e-01	1.798637e+00
1.930000000000001e-01	1.798638e+00
1.940000000000001e-01	1.798638e+00
1.950000000000001e-01	1.798639e+00
1.960000000000001e-01	1.798640e+00
1.970000000000001e-01	1.798641e+00
1.980000000000001e-01	1.798642e+00
1.990000000000001e-01	1.798643e+00
2.000000000000001e-01	1.798644e+00
2.010000000000002e-01	1.798644e+00
2.020000000000002e-01	1.798645e+00
2.030000000000002e-01	1.798646e+00
2.040000000000002e-01	1.798647e+00
2.050000000000002e-01	1.798648e+00
2.060000000000002e-01	1.798649e+00
2.070000000000002e-01	1.798650e+00
2.080000000000002e-01	1.798650e+00
2.090000000000002e-01	1.798651e+00
2.100000000000002e-01	1.798652e+00
2.110000000000002e-01	1.798653e+00
2.120000000000002e-01	1.798654e+00
2.130000000000002e-01	1.798655e+00
2.140000000000002e-01	1.798656e+00
2.150000000000002e-01	1.798656e+00
2.160000000000002e-01	1.798657e+00
2.170000000000002e-01	1.798658e+00
2.180000000000002e-01	1.798659e+00
2.190000000000002e-01	1.798660e+00
2.200000000000002e-01	1.798661e+00
2.210000000000002e-01	1.798661e+00
2.220000000000002e-01	1.798662e+00
2.230000000000002e-01	1.798663e+00
2.240000000000002e-01	1.798664e+00
2.250000000000002e-01	1.798665e+00
2.260000000000002e-01	1.798666e+00
2.270000000000002e-01	1.798667e+00
2.280000000000002e-01	1.798667e+00
2.290000000000002e-01	1.798668e+00
2.300000000000002e-01	1.798669e+00
2.310000000000002e-01	1.798670e+00
2.320000000000002e-01	1.798671e+00
2.330000000000002e-01	1.798672e+00
2.340000000000002e-01	1.798673e+00
2.350000000000002e-01	1.798673e+00
2.360000000000002e-01	1.798674e+00
2.370000000000002e-01	1.798675e+00
2.380000000000002e-01	1.798676e+00
2.390000000000002e-01	1.798677e+00
2.400000000000002e-01	1.798678e+00
2.410000000000002e-01	1.798679e+00
2.420000000000002e-01	1.798679e+00
2.430000000000002e-01	1.798680e+00
2.440000000000002e-01	1.798681e+00
2.450000000000002e-01	1.798682e+00
2.460000000000002e-01	1.798683e+00
2.470000000000002e-01	1.798684e+00
2.480000000000002e-01	1.798684e+00
2.490000000000002e-01	1.798685e+00
2.500000000000002e-01	1.798686e+00
2.510000000000002e-01	1.798687e+00
2.520000000000002e-01	1.798688e+00
2.530000000000002e-01	1.798689e+00
2.540000000000002e-01	1.798690e+00
2.550000000000002e-01	1.798690e+00
2.560000000000002e-01	1.798691e+00
2.570000000000002e-01	1.798692e+00
2.580000000000002e-01	1.798693e+00
2.590000000000002e-01	1.798694e+00
2.600000000000002e-01	1.798695e+00
2.610000000000002e-01	1.798696e+00
2.620000000000002e-01	1.798696e+00
2.630000000000002e-01	1.798697e+00
2.640000000000002e-01	1.798698e+00
2.650000000000002e-01	1.798699e+00
2.660000000000002e-01	1.798700e+00
2.670000000000002e-01	1.798701e+00
2.680000000000002e-01	1.798702e+00
2.690000000000002e-01	1.798702e+00
2.700000000000002e-01	1.798703e+00
2.710000000000002e-01	1.798704e+00
2.720000000000002e-01	1.798705e+00
2.730000000000002e-01	1.798706e+00
2.740000000000002e-01	1.798707e+00
2.750000000000002e-01	1.798707e+00
2.760000000000002e-01	1.798708e+00
2.770000000000002e-01	1.798709e+00
2.780000000000002e-01	1.798710e+00
2.790000000000002e-01	1.798711e+00
2.800000000000002e-01	1.798712e+00
2.810000000000002e-01	1.798713e+00
2.820000000000002e-01	1.798713e+00
2.830000000000002e-01	1.798714e+00
2.840000000000002e-01	1.798715e+00
2.850000000000002e-01	1.798716e+00
2.860000000000002e-01	1.798717e+00
2.870000000000002e-01	1.798718e+00
2.880000000000002e-01	1.798718e+00
2.890000000000002e-01	1.798719e+00
2.900000000000002e-01	1.798720e+00
2.910000000000002e-01	1.798721e+00
2.920000000000002e-01	1.798722e+00
2.930000000000002e-01	1.798723e+00
2.940000000000002e-01	1.798724e+00
2.950000000000002e-01	1.798724e+00
2.960000000000002e-01	1.798725e+00
2.970000000000002e-01	1.798726e+00
2.980000000000002e-01	1.798727e+00
2.990000000000002e-01	1.798728e+00
3.000000000000002e-01	1.798729e+00
3.010000000000002e-01	1.798730e+00
3.020000000000002e-01	1.798730e+00
3.030000000000002e-01	1.798731e+00
3.040000000000002e-01	1.798732e+00
3.050000000000002e-01	1.798733e+00
3.060000000000002e-01	1.798734e+00
3.070000000000002e-01	1.798735e+00
3.080000000000002e-01	1.798735e+00
3.090000000000002e-01	1.798736e+00
3.100000000000002e-01	1.798737e+00
3.110000000000002e-01	1.798738e+00
3.120000000000002e-01	1.798739e+00
3.130000000000002e-01	1.798740e+00
3.140000000000002e-01	1.798741e+00
3.150000000000002e-01	1.798741e+00
3.160000000000002e-01	1.798742e+00
3.170000000000002e-01	1.798743e+00
3.180000000000002e-01	1.798744e+00
3.190000000000002e-01	1.798745e+00
3.200000000000002e-01	1.798746e+00
3.210000000000002e-01	1.798747e+00
3.220000000000002e-01	1.798747e+00
3.230000000000002e-01	1.798748e+00
3.240000000000002e-01	1.798749e+00
3.250000000000002e-01	1.798750e+00
3.260000000000002e-01	1.798751e+00
3.270000000000002e-01	1.798752e+00
3.280000000000002e-01	1.798753e+00
3.290000000000002e-01	1.798753e+00
3.300000000000002e-01	1.798754e+00
3.310000000000002e-01	1.798755e+00
3.320000000000002e-01	1.798756e+00
3.330000000000002e-01	1.798757e+00
3.340000000000002e-01	1.798758e+00
3.350000000000002e-01	1.798759e+00
3.360000000000002e-01	1.798759e+00
3.370000000000002e-01	1.798760e+00
3.380000000000002e-01	1.798761e+00
3.390000000000002e-01	1.798762e+00
3.400000000000002e-01	1.798763e+00
3.410000000000002e-01	1.798764e+00
3.420000000000002e-01	1.798764e+00
3.430000000000002e-01	1.798765e+00
3.440000000000003e-01	1.798766e+00
3.450000000000003e-01	1.798767e+00
3.460000000000003e-01	1.798768e+00
3.470000000000003e-01	1.798769e+00
3.480000000000003e-01	1.798770e+00
3.490000000000003e-01	1.798770e+00
3.500000000000003e-01	1.798771e+00
3.510000000000003e-01	1.798772e+00
3.520000000000003e-01	1.798773e+00
3.530000000000003e-01	1.798774e+00
3.540000000000003e-01	1.798775e+00
3.550000000000003e-01	1.798776e+00
3.560000000000003e-01	1.798776e+00
3.570000000000003e-01	1.798777e+00
3.580000000000003e-01	1.798778e+00
3.590000000000003e-01	1.798779e+00
3.600000000000003e-01	1.798780e+00
3.610000000000003e-01	1.798781e+00
3.620000000000003e-01	1.798781e+00
3.630000000000003e-01	1.798782e+00
3.640000000000003e-01	1.798783e+00
3.650000000000003e-01	1.798784e+00
3.660000000000003e-01	1.798785e+00
3.670000000000003e-01	1.798786e+00
3.680000000000003e-01	1.798787e+00
3.690000000000003e-01	1.798787e+00
3.700000000000003e-01	1.798788e+00
3.710000000000003e-01	1.798789e+00
3.720000000000003e-01	1.798790e+00
3.730000000000003e-01	1.798791e+00
3.740000000000003e-01	1.798792e+00
3.750000000000003e-01	1.798792e+00
3.760000000000003e-01	1.798793e+00
3.770000000000003e-01	1.798794e+00
3.780000000000003e-01	1.798795e+00
3.790000000000003e-01	1.798796e+00
3.800000000000003e-01	1.798797e+00
3.810000000000003e-01	1.798798e+00
3.820000000000003e-01	1.798798e+00
3.830000000000003e-01	1.798799e+00
3.840000000000003e-01	1.798800e+00
3.850000000000003e-01	1.798801e+00
3.860000000000003e-01	1.798802e+00
3.870000000000003e-01	1.798803e+00
3.880000000000003e-01	1.798804e+00
3.890000000000003e-01	1.798804e+00
3.900000000000003e-01	1.798805e+00
3.910000000000003e-01	1.798806e+00
3.920000000000003e-01	1.798807e+00
3.930000000000003e-01	1.798808e+00
3.940000000000003e-01	1.798809e+00
3.950000000000003e-01	1.798810e+00
3.960000000000003e-01	1.798810e+00
3.970000000000003e-01	1.798811e+00
3.980000000000003e-01	1.798812e+00
3.990000000000003e-01	1.798813e+00
4.000000000000003e-01	1.798814e+00
4.010000000000003e-01	1.798815e+00
4.020000000000003e-01	1.798815e+00
4.030000000000003e-01	1.798816e+00
4.040000000000003e-01	1.798817e+00
4.050000000000003e-01	1.798818e+00
4.060000000000003e-01	1.798819e+00
4.070000000000003e-01	1.798820e+00
4.080000000000003e-01	1.798821e+00
4.090000000000003e-01	1.798821e+00
4.100000000000003e-01	1.798822e+00
4.110000000000003e-01	1.798823e+00
4.120000000000003e-01	1.798824e+00
4.130000000000003e-01	1.798825e+00
4.140000000000003e-01	1.798826e+00
4.150000000000003e-01	1.798827e+00
4.160000000000003e-01	1.798827e+00
4.170000000000003e-01	1.798828e+00
4.180000000000003e-01	1.798829e+00
4.190000000000003e-01	1.798830e+00
4.200000000000003e-01	1.798831e+00
4.210000000000003e-01	1.798832e+00
4.220000000000003e-01	1.798832e+00
4.230000000000003e-01	1.798833e+00
4.240000000000003e-01	1.798834e+00
4.250000000000003e-01	1.798835e+00
4.260000000000003e-01	1.798836e+00
4.270000000000003e-01	1.798837e+00
4.280000000000003e-01	1.798838e+00
4.290000000000003e-01	1.798838e+00
4.300000000000003e-01	1.798839e+00
4.310000000000003e-01	1.798840e+00
4.320000000000003e-01	1.798841e+00
4.330000000000003e-01	1.798842e+00
4.340000000000003e-01	1.798843e+00
4.350000000000003e-01	1.798844e+00
4.360000000000003e-01	1.798844e+00
4.370000000000003e-01	1.798845e+00
4.380000000000003e-01	1.798846e+00
4.390000000000003e-01	1.798847e+00
4.400000000000003e-01	1.798848e+00
4.410000000000003e-01	1.798849e+00
4.420000000000003e-01	1.798849e+00
4.430000000000003e-01	1.798850e+00
4.440000000000003e-01	1.798851e+00
4.450000000000003e-01	1.798852e+00
4.460000000000003e-01	1.798853e+00
4.470000000000003e-01	1.798854e+00
4.480000000000003e-01	1.798855e+00
4.490000000000003e-01	1.798855e+00
4.500000000000003e-01	1.798856e+00
4.510000000000003e-01	1.798857e+00
4.520000000000003e-01	1.798858e+00
4.530000000000003e-01	1.798859e+00
4.540000000000003e-01	1.798860e+00
4.550000000000003e-01	1.798861e+00
4.560000000000003e-01	1.798861e+00
4.570000000000004e-01	1.798862e+00
4.580000000000004e-01	1.798863e+00
4.590000000000004e-01	1.798864e+00
4.600000000000004e-01	1.798865e+00
4.610000000000004e-01	1.798866e+00
4.620000000000004e-01	1.798867e+00
4.630000000000004e-01	1.798867e+00
4.640000000000004e-01	1.798868e+00
4.650000000000004e-01	1.798869e+00
4.660000000000004e-01	1.798870e+00
4.670000000000004e-01	1.798871e+00
4.680000000000004e-01	1.798872e+00
4.690000000000004e-01	1.798872e+00
4.700000000000004e-01	1.798873e+00
4.710000000000004e-01	1.798874e+00
4.720000000000004e-01	1.798875e+00
4.730000000000004e-01	1.798876e+00
4.740000000000004e-01	1.798877e+00
4.750000000000004e-01	1.798877e+00
4.760000000000004e-01	1.798878e+00
4.770000000000004e-01	1.798879e+00
4.780000000000004e-01	1.798880e+00
4.790000000000004e-01	1.798881e+00
4.800000000000004e-01	1.798882e+00
4.810000000000004e-01	1.798883e+00
4.820000000000004e-01	1.798883e+00
4.830000000000004e-01	1.798884e+00
4.840000000000004e-01	1.798885e+00
4.850000000000004e-01	1.798886e+00
4.860000000000004e-01	1.798887e+00
4.870000000000004e-01	1.798888e+00
4.880000000000004e-01	1.798889e+00
4.890000000000004e-01	1.798889e+00
4.900000000000004e-01	1.798890e+00
4.910000000000004e-01	1.798891e+00
4.920000000000004e-01	1.798892e+00
4.930000000000004e-01	1.798893e+00
4.940000000000004e-01	1.798894e+00
4.950000000000004e-01	1.798895e+00
4.960000000000004e-01	1.798895e+00
4.970000000000004e-01	1.798896e+00
4.980000000000004e-01	1.798897e+00
4.990000000000004e-01	1.798898e+00
5.000000000000003e-01	1.798899e+00
5.010000000000003e-01	1.798900e+00
5.020000000000003e-01	1.798900e+00
5.030000000000003e-01	1.798901e+00
5.040000000000003e-01	1.798902e+00
5.050000000000003e-01	1.798903e+00
5.060000000000003e-01	1.798904e+00
5.070000000000003e-01	1.798905e+00
5.080000000000003e-01	1.798905e+00
5.090000000000003e-01	1.798906e+00
5.100000000000003e-01	1.798907e+00
5.110000000000003e-01	1.798908e+00
5.120000000000003e-01	1.798909e+00
5.130000000000003e-01	1.798910e+00
5.140000000000003e-01	1.798911e+00
5.150000000000003e-01	1.798911e+00
5.160000000000003e-01	1.798912e+00
5.170000000000003e-01	1.798913e+00
5.180000000000003e-01	1.798914e+00
5.190000000000003e-01	1.798915e+00
5.200000000000004e-01	1.798916e+00
5.210000000000004e-01	1.798917e+00
5.220000000000004e-01	1.798917e+00
5.230000000000004e-01	1.798918e+00
5.240000000000004e-01	1.798919e+00
5.250000000000004e-01	1.798920e+00
5.260000000000004e-01	1.798921e+00
5.270000000000004e-01	1.798922e+00
5.280000000000004e-01	1.798923e+00
5.290000000000004e-01	1.798923e+00
5.300000000000004e-01	1.798924e+00
5.310000000000004e-01	1.798925e+00
5.320000000000004e-01	1.798926e+00
5.330000000000004e-01	1.798927e+00
5.340000000000004e-01	1.798928e+00
5.350000000000004e-01	1.798928e+00
5.360000000000004e-01	1.798929e+00
5.370000000000004e-01	1.798930e+00
5.380000000000004e-01	1.798931e+00
5.390000000000004e-01	1.798932e+00
5.400000000000004e-01	1.798933e+00
5.410000000000004e-01	1.798934e+00
5.420000000000004e-01	1.798934e+00
5.430000000000004e-01	1.798935e+00
5.440000000000004e-01	1.798936e+00
5.450000000000004e-01	1.798937e+00
5.460000000000004e-01	1.798938e+00
5.470000000000004e-01	1.798939e+00
5.480000000000004e-01	1.798939e+00
5.490000000000004e-01	1.798940e+00
5.500000000000004e-01	1.798941e+00
5.510000000000004e-01	1.798942e+00
5.520000000000004e-01	1.798943e+00
5.530000000000004e-01	1.798944e+00
5.540000000000004e-01	1.798945e+00
5.550000000000004e-01	1.798945e+00
5.560000000000004e-01	1.798946e+00
5.570000000000004e-01	1.798947e+00
5.580000000000004e-01	1.798948e+00
5.590000000000004e-01	1.798949e+00
5.600000000000004e-01	1.798950e+00
5.610000000000004e-01	1.798951e+00
5.620000000000004e-01	1.798951e+00
5.630000000000004e-01	1.798952e+00
5.640000000000004e-01	1.798953e+00
5.650000000000004e-01	1.798954e+00
5.660000000000004e-01	1.798955e+00
5.670000000000004e-01	1.798956e+00
5.680000000000004e-01	1.798957e+00
5.690000000000004e-01	1.798957e+00
5.700000000000004e-01	1.798958e+00
5.710000000000004e-01	1.798959e+00
5.720000000000004e-01	1.798960e+00
5.730000000000004e-01	1.798961e+00
5.740000000000004e-01	1.798962e+00
5.750000000000004e-01	1.798962e+00
5.760000000000004e-01	1.798963e+00
5.770000000000004e-01	1.798964e+00
5.780000000000004e-01	1.798965e+00
5.790000000000004e-01	1.798966e+00
5.800000000000004e-01	1.798967e+00
5.810000000000004e-01	1.798967e+00
5.820000000000004e-01	1.798968e+00
5.830000000000004e-01	1.798969e+00
5.840000000000004e-01	1.798970e+00
5.850000000000004e-01	1.798971e+00
5.860000000000004e-01	1.798972e+00
5.870000000000004e-01	1.798973e+00
5.880000000000004e-01	1.798973e+00
5.890000000000004e-01	1.798974e+00
5.900000000000004e-01	1.798975e+00
5.910000000000004e-01	1.798976e+00
5.920000000000004e-01	1.798977e+00
5.930000000000004e-01	1.798978e+00
5.940000000000004e-01	1.798979e+00
5.950000000000004e-01	1.798979e+00
5.960000000000004e-01	1.798980e+00
5.970000000000004e-01	1.798981e+00
5.980000000000004e-01	1.798982e+00
5.990000000000004e-01	1.798983e+00
6.000000000000004e-01	1.798984e+00
6.010000000000004e-01	1.798985e+00
6.020000000000004e-01	1.798985e+00
6.030000000000004e-01	1.798986e+00
6.040000000000004e-01	1.798987e+00
6.050000000000004e-01	1.798988e+00
6.060000000000004e-01	1.798989e+00
6.070000000000004e-01	1.798990e+00
6.080000000000004e-01	1.798990e+00
6.090000000000004e-01	1.798991e+00
6.100000000000004e-01	1.798992e+00
6.110000000000004e-01	1.798993e+00
6.120000000000004e-01	1.798994e+00
6.130000000000004e-01	1.798995e+00
6.140000000000004e-01	1.798995e+00
6.150000000000004e-01	1.798996e+00
6.160000000000004e-01	1.798997e+00
6.170000000000004e-01	1.798998e+00
6.180000000000004e-01	1.798999e+00
6.190000000000004e-01	1.799000e+00
6.200000000000004e-01	1.799001e+00
6.210000000000004e-01	1.799001e+00
6.220000000000004e-01	1.799002e+00
6.230000000000004e-01	1.799003e+00
6.240000000000004e-01	1.799004e+00
6.250000000000004e-01	1.799005e+00
6.260000000000004e-01	1.799006e+00
6.270000000000004e-01	1.799007e+00
6.280000000000004e-01	1.799007e+00
6.290000000000004e-01	1.799008e+00
6.300000000000004e-01	1.799009e+00
6.310000000000004e-01	1.799010e+00
6.320000000000005e-01	1.799011e+00
6.330000000000005e-01	1.799012e+00
6.340000000000005e-01	1.799012e+00
6.350000000000005e-01	1.799013e+00
6.360000000000005e-01	1.799014e+00
6.370000000000005e-01	1.799015e+00
6.380000000000005e-01	1.799016e+00
6.390000000000005e-01	1.799017e+00
6.400000000000005e-01	1.799018e+00
6.410000000000005e-01	1.799018e+00
6.420000000000005e-01	1.799019e+00
6.430000000000005e-01	1.799020e+00
6.440000000000005e-01	1.799021e+00
6.450000000000005e-01	1.799022e+00
6.460000000000005e-01	1.799023e+00
6.470000000000005e-01	1.799024e+00
6.480000000000005e-01	1.799024e+00
6.490000000000005e-01	1.799025e+00
6.500000000000005e-01	1.799026e+00
6.510000000000005e-01	1.799027e+00
6.520000000000005e-01	1.799028e+00
6.530000000000005e-01	1.799029e+00
6.540000000000005e-01	1.799029e+00
6.550000000000005e-01	1.799030e+00
6.560000000000005e-01	1.799031e+00
6.570000000000005e-01	1.799032e+00
6.580000000000005e-01	1.799033e+00
6.590000000000005e-01	1.799034e+00
6.600000000000005e-01	1.799034e+00
6.610000000000005e-01	1.799035e+00
6.620000000000005e-01	1.799036e+00
6.630000000000005e-01	1.799037e+00
6.640000000000005e-01	1.799038e+00
6.650000000000005e-01	1.799039e+00
6.660000000000005e-01	1.799039e+00
6.670000000000005e-01	1.799040e+00
6.680000000000005e-01	1.799041e+00
6.690000000000005e-01	1.799042e+00
6.700000000000005e-01	1.799043e+00
6.710000000000005e-01	1.799044e+00
6.720000000000005e-01	1.799045e+00
6.730000000000005e-01	1.799045e+00
6.740000000000005e-01	1.799046e+00
6.750000000000005e-01	1.799047e+00
6.760000000000005e-01	1.799048e+00
6.770000000000005e-01	1.799049e+00
6.780000000000005e-01	1.799050e+00
6.790000000000005e-01	1.799051e+00
6.800000000000005e-01	1.799051e+00
6.810000000000005e-01	1.799052e+00
6.820000000000005e-01	1.799053e+00
6.830000000000005e-01	1.799054e+00
6.840000000000005e-01	1.799055e+00
6.850000000000005e-01	1.799056e+00
6.860000000000005e-01	1.799056e+00
6.870000000000005e-01	1.799057e+00
6.880000000000005e-01	1.799058e+00
6.890000000000005e-01	1.799059e+00
6.900000000000005e-01	1.799060e+00
6.910000000000005e-01	1.799061e+00
6.920000000000005e-01	1.799062e+00
6.930000000000005e-01	1.799062e+00
6.940000000000005e-01	1.799063e+00
6.950000000000005e-01	1.799064e+00
6.960000000000005e-01	1.799065e+00
6.970000000000005e-01	1.799066e+00
6.980000000000005e-01	1.799067e+00
6.990000000000005e-01	1.799067e+00
7.000000000000005e-01	1.799068e+00
7.010000000000005e-01	1.799069e+00
7.020000000000005e-01	1.799070e+00
7.030000000000005e-01	1.799071e+00
7.040000000000005e-01	1.799072e+00
7.050000000000005e-01	1.799072e+00
7.060000000000005e-01	1.799073e+00
7.070000000000005e-01	1.799074e+00
7.080000000000005e-01	1.799075e+00
7.090000000000005e-01	1.799076e+00
7.100000000000005e-01	1.799077e+00
7.110000000000005e-01	1.799078e+00
7.120000000000005e-01	1.799078e+00
7.130000000000005e-01	1.799079e+00
7.140000000000005e-01	1.799080e+00
7.150000000000005e-01	1.799081e+00
7.160000000000005e-01	1.799082e+00
7.170000000000005e-01	1.799083e+00
7.180000000000005e-01	1.799083e+00
7.190000000000005e-01	1.799084e+00
7.200000000000005e-01	1.799085e+00
7.210000000000005e-01	1.799086e+00
7.220000000000005e-01	1.799087e+00
7.230000000000005e-01	1.799088e+00
7.240000000000005e-01	1.799088e+00
7.250000000000005e-01	1.799089e+00
7.260000000000005e-01	1.799090e+00
7.270000000000005e-01	1.799091e+00
7.280000000000005e-01	1.799092e+00
7.290000000000005e-01	1.799093e+00
7.300000000000005e-01	1.799093e+00
7.310000000000005e-01	1.799094e+00
7.320000000000005e-01	1.799095e+00
7.330000000000005e-01	1.799096e+00
7.340000000000005e-01	1.799097e+00
7.350000000000005e-01	1.799098e+00
7.360000000000005e-01	1.799098e+00
7.370000000000005e-01	1.799099e+00
7.380000000000005e-01	1.799100e+00
7.390000000000005e-01	1.799101e+00
7.400000000000005e-01	1.799102e+00
7.410000000000005e-01	1.799103e+00
7.420000000000005e-01	1.799103e+00
7.430000000000005e-01	1.799104e+00
7.440000000000005e-01	1.799105e+00
7.450000000000006e-01	1.799106e+00
7.460000000000006e-01	1.799107e+00
7.470000000000006e-01	1.799107e+00
7.480000000000006e-01	1.799108e+00
7.490000000000006e-01	1.799109e+00
7.500000000000006e-01	1.799110e+00
7.510000000000006e-01	1.799111e+00
7.520000000000006e-01	1.799112e+00
7.530000000000006e-01	1.799112e+00
7.540000000000006e-01	1.799113e+00
7.550000000000006e-01	1.799114e+00
7.560000000000006e-01	1.799115e+00
7.570000000000006e-01	1.799116e+00
7.580000000000006e-01	1.799116e+00
7.590000000000006e-01	1.799117e+00
7.600000000000006e-01	1.799118e+00
7.610000000000006e-01	1.799119e+00
7.620000000000006e-01	1.799120e+00
7.630000000000006e-01	1.799120e+00
7.640000000000006e-01	1.799121e+00
7.650000000000006e-01	1.799122e+00
7.660000000000006e-01	1.799123e+00
7.670000000000006e-01	1.799124e+00
7.680000000000006e-01	1.799124e+00
7.690000000000006e-01	1.799125e+00
7.700000000000006e-01	1.799126e+00
7.710000000000006e-01	1.799127e+00
7.720000000000006e-01	1.799127e+00
7.730000000000006e-01	1.799128e+00
7.740000000000006e-01	1.799129e+00
7.750000000000006e-01	1.799130e+00
7.760000000000006e-01	1.799130e+00
7.770000000000006e-01	1.799131e+00
7.780000000000006e-01	1.799132e+00
7.790000000000006e-01	1.799133e+00
7.800000000000006e-01	1.799133e+00
7.810000000000006e-01	1.799134e+00
7.820000000000006e-01	1.799135e+00
7.830000000000006e-01	1.799135e+00
7.840000000000006e-01	1.799136e+00
7.850000000000006e-01	1.799137e+00
7.860000000000006e-01	1.799137e+00
7.870000000000006e-01	1.799138e+00
7.880000000000006e-01	1.799138e+00
7.890000000000006e-01	1.799139e+00
7.900000000000006e-01	1.799139e+00
7.910000000000006e-01	1.799139e+00
7.920000000000006e-01	1.799140e+00
7.930000000000006e-01	1.799140e+00
7.940000000000006e-01	1.799140e+00
7.950000000000006e-01	1.799140e+00
7.960000000000006e-01	1.799139e+00
7.970000000000006e-01	1.799139e+00
7.980000000000006e-01	1.799138e+00
7.990000000000006e-01	1.799136e+00
8.000000000000006e-01	1.799132e+00
8.010000000000006e-01	1.799126e+00
8.020000000000006e-01	1.799115e+00
8.030000000000006e-01	1.799091e+00
8.040000000000006e-01	1.799026e+00
8.050000000000006e-01	1.798842e+00
8.060000000000006e-01	1.798214e+00
8.070000000000006e-01	1.796360e+00
8.080000000000006e-01	1.792682e+00
8.090000000000006e-01	1.787222e+00
8.100000000000006e-01	1.780724e+00
8.110000000000006e-01	1.773463e+00
8.120000000000006e-01	1.765720e+00
8.130000000000006e-01	1.757633e+00
8.140000000000006e-01	1.749281e+00
8.150000000000006e-01	1.740714e+00
8.160000000000006e-01	1.731969e+00
8.170000000000006e-01	1.723071e+00
8.180000000000006e-01	1.714039e+00
8.190000000000006e-01	1.704886e+00
8.200000000000006e-01	1.695623e+00
8.210000000000006e-01	1.686261e+00
8.220000000000006e-01	1.676806e+00
8.230000000000006e-01	1.667268e+00
8.240000000000006e-01	1.657654e+00
8.250000000000006e-01	1.647972e+00
8.260000000000006e-01	1.638230e+00
8.270000000000006e-01	1.628439e+00
8.280000000000006e-01	1.618606e+00
8.290000000000006e-01	1.608740e+00
8.300000000000006e-01	1.598848e+00
8.310000000000006e-01	1.588936e+00
8.320000000000006e-01	1.579008e+00
8.330000000000006e-01	1.569069e+00
8.340000000000006e-01	1.559121e+00
8.350000000000006e-01	1.549167e+00
8.360000000000006e-01	1.539208e+00
8.370000000000006e-01	1.529244e+00
8.380000000000006e-01	1.519278e+00
8.390000000000006e-01	1.509309e+00
8.400000000000006e-01	1.499338e+00
8.410000000000006e-01	1.489366e+00
8.420000000000006e-01	1.479393e+00
8.430000000000006e-01	1.469418e+00
8.440000000000006e-01	1.459443e+00
8.450000000000006e-01	1.449467e+00
8.460000000000006e-01	1.439490e+00
8.470000000000006e-01	1.429513e+00
8.480000000000006e-01	1.419536e+00
8.490000000000006e-01	1.409558e+00
8.500000000000006e-01	1.399580e+00
8.510000000000006e-01	1.389602e+00
8.520000000000006e-01	1.379623e+00
8.530000000000006e-01	1.369644e+00
8.540000000000006e-01	1.359665e+00
8.550000000000006e-01	1.349686e+00
8.560000000000006e-01	1.339707e+00
8.570000000000007e-01	1.329728e+00
8.580000000000007e-01	1.319748e+00
8.590000000000007e-01	1.309769e+00
8.600000000000007e-01	1.299789e+00
8.610000000000007e-01	1.289810e+00
8.620000000000007e-01	1.279830e+00
8.630000000000007e-01	1.269850e+00
8.640000000000007e-01	1.259870e+00
8.650000000000007e-01	1.249890e+00
8.660000000000007e-01	1.239910e+00
8.670000000000007e-01	1.229930e+00
8.680000000000007e-01	1.219950e+00
8.690000000000007e-01	1.209970e+00
8.700000000000007e-01	1.199990e+00
8.710000000000007e-01	1.190010e+00
8.720000000000007e-01	1.180030e+00
8.730000000000007e-01	1.170050e+00
8.740000000000007e-01	1.160070e+00
8.750000000000007e-01	1.150090e+00
8.760000000000007e-01	1.140110e+00
8.770000000000007e-01	1.130129e+00
8.780000000000007e-01	1.120149e+00
8.790000000000007e-01	1.110169e+00
8.800000000000007e-01	1.100189e+00
8.810000000000007e-01	1.090209e+00
8.820000000000007e-01	1.080228e+00
8.830000000000007e-01	1.070248e+00
8.840000000000007e-01	1.060268e+00
8.850000000000007e-01	1.050288e+00
8.860000000000007e-01	1.040307e+00
8.870000000000007e-01	1.030327e+00
8.880000000000007e-01	1.020347e+00
8.890000000000007e-01	1.010367e+00
8.900000000000007e-01	1.000386e+00
8.910000000000007e-01	9.904060e-01
8.920000000000007e-01	9.804258e-01
8.930000000000007e-01	9.704456e-01
8.940000000000007e-01	9.604653e-01
8.950000000000007e-01	9.504851e-01
8.960000000000007e-01	9.405048e-01
8.970000000000007e-01	9.305246e-01
8.980000000000007e-01	9.205443e-01
8.990000000000007e-01	9.105641e-01
9.000000000000007e-01	9.005839e-01
9.010000000000007e-01	8.906037e-01
9.020000000000007e-01	8.806234e-01
9.030000000000007e-01	8.706432e-01
9.040000000000007e-01	8.606630e-01
9.050000000000007e-01	8.506828e-01
9.060000000000007e-01	8.407026e-01
9.070000000000007e-01	8.307224e-01
9.080000000000007e-01	8.207422e-01
9.090000000000007e-01	8.107620e-01
9.100000000000007e-01	8.007819e-01
9.110000000000007e-01	7.908018e-01
9.120000000000007e-01	7.808216e-01
9.130000000000007e-01	7.708415e-01
9.140000000000007e-01	7.608614e-01
9.150000000000007e-01	7.508813e-01
9.160000000000007e-01	7.409012e-01
9.170000000000007e-01	7.309212e-01
9.180000000000007e-01	7.209411e-01
9.190000000000007e-01	7.109611e-01
9.200000000000007e-01	7.009811e-01
9.210000000000007e-01	6.910012e-01
9.220000000000007e-01	6.810212e-01
9.230000000000007e-01	6.710413e-01
9.240000000000007e-01	6.610613e-01
9.250000000000007e-01	6.510815e-01
9.260000000000007e-01	6.411017e-01
9.270000000000007e-01	6.311219e-01
9.280000000000007e-01	6.211421e-01
9.290000000000007e-01	6.111624e-01
9.300000000000007e-01	6.011826e-01
9.310000000000007e-01	5.912030e-01
9.320000000000007e-01	5.812234e-01
9.330000000000007e-01	5.712438e-01
9.340000000000007e-01	5.612643e-01
9.350000000000007e-01	5.512849e-01
9.360000000000007e-01	5.413055e-01
9.370000000000007e-01	5.313262e-01
9.380000000000007e-01	5.213470e-01
9.390000000000007e-01	5.113679e-01
9.400000000000007e-01	5.013888e-01
9.410000000000007e-01	4.914099e-01
9.420000000000007e-01	4.814311e-01
9.430000000000007e-01	4.714524e-01
9.440000000000007e-01	4.614739e-01
9.450000000000007e-01	4.514955e-01
9.460000000000007e-01	4.415173e-01
9.470000000000007e-01	4.315392e-01
9.480000000000007e-01	4.215614e-01
9.490000000000007e-01	4.115838e-01
9.500000000000007e-01	4.016065e-01
9.510000000000007e-01	3.916296e-01
9.520000000000007e-01	3.816530e-01
9.530000000000007e-01	3.716768e-01
9.540000000000007e-01	3.617010e-01
9.550000000000007e-01	3.517259e-01
9.560000000000007e-01	3.417514e-01
9.570000000000007e-01	3.317777e-01
9.580000000000007e-01	3.218050e-01
9.590000000000007e-01	3.118333e-01
9.600000000000007e-01	3.018630e-01
9.610000000000007e-01	2.918944e-01
9.620000000000007e-01	2.819279e-01
9.630000000000007e-01	2.719639e-01
9.640000000000007e-01	2.620032e-01
9.650000000000007e-01	2.520468e-01
9.660000000000007e-01	2.420957e-01
9.670000000000007e-01	2.321518e-01
9.680000000000007e-01	2.222175e-01
9.690000000000007e-01	2.122959e-01
9.700000000000008e-01	2.023916e-01
9.710000000000008e-01	1.925109e-01
9.720000000000008e-01	1.826622e-01
9.730000000000008e-01	1.728569e-01
9.740000000000008e-01	1.631094e-01
9.750000000000008e-01	1.534380e-01
9.760000000000008e-01	1.438646e-01
9.770000000000008e-01	1.344145e-01
9.780000000000008e-01	1.251170e-01
9.790000000000008e-01	1.160049e-01
9.800000000000008e-01	1.071153e-01
9.810000000000008e-01	9.848981e-02
9.820000000000008e-01	9.017515e-02
9.830000000000008e-01	8.222260e-02
9.840000000000008e-01	7.468645e-02
9.850000000000008e-01	6.762087e-02
9.860000000000008e-01	6.107498e-02
9.870000000000008e-01	5.508686e-02
9.880000000000008e-01	4.967813e-02
9.890000000000008e-01	4.485080e-02
9.900000000000008e-01	4.058769e-02
9.910000000000008e-01	3.685611e-02
9.920000000000008e-01	3.361341e-02
9.930000000000008e-01	3.081294e-02
9.940000000000008e-01	2.840980e-02
9.950000000000008e-01	2.636666e-02
9.960000000000008e-01	2.466045e-02
9.970000000000008e-01	2.328813e-02
9.980000000000008e-01	2.225465e-02
9.990000000000008e-01	2.153300e-02
1.000000000000001e+00	2.105455e-02
1.001000000000001e+00	2.073393e-02
1.002000000000000e+00	2.050031e-02
1.003000000000000e+00	2.031656e-02
1.004000000000000e+00	2.016669e-02
1.005000000000000e+00	2.004092e-02
1.006000000000000e+00	1.993261e-02
1.007000000000000e+00	1.983738e-02
1.008000000000000e+00	1.975227e-02
1.009000000000000e+00	1.967519e-02
1.010000000000000e+00	1.960460e-02
1.010999999999999e+00	1.953938e-02
1.011999999999999e+00	1.947866e-02
1.012999999999999e+00	1.942177e-02
1.013999999999999e+00	1.936818e-02
1.014999999999999e+00	1.931745e-02
1.015999999999999e+00	1.926923e-02
1.016999999999999e+00	1.922324e-02
1.017999999999999e+00	1.917924e-02
1.018999999999999e+00	1.913701e-02
1.019999999999998e+00	1.909640e-02
1.020999999999998e+00	1.905724e-02
1.021999999999998e+00	1.901941e-02
1.022999999999998e+00	1.898280e-02
1.023999999999998e+00	1.894731e-02
1.024999999999998e+00	1.891286e-02
1.025999999999998e+00	1.887936e-02
1.026999999999998e+00	1.884675e-02
1.027999999999998e+00	1.881498e-02
1.028999999999997e+00	1.878398e-02
1.029999999999997e+00	1.875370e-02
1.030999999999997e+00	1.872411e-02
1.031999999999997e+00	1.869516e-02
1.032999999999997e+00	1.866682e-02
1.033999999999997e+00	1.863905e-02
1.034999999999997e+00	1.861183e-02
1.035999999999997e+00	1.858512e-02
1.036999999999997e+00	1.855889e-02
1.037999999999996e+00	1.853313e-02
1.038999999999996e+00	1.850782e-02
1.039999999999996e+00	1.848292e-02
1.040999999999996e+00	1.845844e-02
1.041999999999996e+00	1.843433e-02
1.042999999999996e+00	1.841060e-02
1.043999999999996e+00	1.838722e-02
1.044999999999996e+00	1.836419e-02
1.045999999999996e+00	1.834148e-02
1.046999999999995e+00	1.831909e-02
1.047999999999995e+00	1.829699e-02
1.048999999999995e+00	1.827519e-02
1.049999999999995e+00	1.825368e-02
1.050999999999995e+00	1.823243e-02
1.051999999999995e+00	1.821145e-02
1.052999999999995e+00	1.819072e-02
1.053999999999995e+00	1.817024e-02
1.054999999999995e+00	1.815000e-02
1.055999999999994e+00	1.812998e-02
1.056999999999994e+00	1.811019e-02
1.057999999999994e+00	1.809062e-02
1.058999999999994e+00	1.807126e-02
1.059999999999994e+00	1.805210e-02
1.060999999999994e+00	1.803314e-02
1.061999999999994e+00	1.801437e-02
1.062999999999994e+00	1.799580e-02
1.063999999999994e+00	1.797740e-02
1.064999999999994e+00	1.795918e-02
1.065999999999993e+00	1.794114e-02
1.066999999999993e+00	1.792327e-02
1.067999999999993e+00	1.790556e-02
1.068999999999993e+00	1.788802e-02
1.069999999999993e+00	1.787063e-02
1.070999999999993e+00	1.785339e-02
1.071999999999993e+00	1.783631e-02
1.072999999999993e+00	1.781937e-02
1.073999999999993e+00	1.780258e-02
1.074999999999992e+00	1.778593e-02
1.075999999999992e+00	1.776941e-02
1.076999999999992e+00	1.775303e-02
1.077999999999992e+00	1.773678e-02
1.078999999999992e+00	1.772066e-02
1.079999999999992e+00	1.770467e-02
1.080999999999992e+00	1.768880e-02
1.081999999999992e+00	1.767305e-02
1.082999999999992e+00	1.765743e-02
1.083999999999991e+00	1.764192e-02
1.084999999999991e+00	1.762653e-02
1.085999999999991e+00	1.761125e-02
1.086999999999991e+00	1.759608e-02
1.087999999999991e+00	1.758102e-02
1.088999999999991e+00	1.756606e-02
1.089999999999991e+00	1.755122e-02
1.090999999999991e+00	1.753647e-02
1.091999999999991e+00	1.752183e-02
1.092999999999990e+00	1.750729e-02
1.093999999999990e+00	1.749285e-02
1.094999999999990e+00	1.747851e-02
1.095999999999990e+00	1.746426e-02
1.096999999999990e+00	1.745011e-02
1.097999999999990e+00	1.743605e-02
1.098999999999990e+00	1.742209e-02
1.099999999999990e+00	1.740821e-02
1.100999999999990e+00	1.739442e-02
1.101999999999989e+00	1.738072e-02
1.102999999999989e+00	1.736711e-02
1.103999999999989e+00	1.735358e-02
1.104999999999989e+00	1.734014e-02
1.105999999999989e+00	1.732679e-02
1.106999999999989e+00	1.731351e-02
1.107999999999989e+00	1.730032e-02
1.108999999999989e+00	1.728721e-02
1.109999999999989e+00	1.727417e-02
1.110999999999988e+00	1.726122e-02
1.111999999999988e+00	1.724834e-02
1.112999999999988e+00	1.723555e-02
1.113999999999988e+00	1.722282e-02
1.114999999999988e+00	1.721018e-02
1.115999999999988e+00	1.719760e-02
1.116999999999988e+00	1.718510e-02
1.117999999999988e+00	1.717268e-02
1.118999999999988e+00	1.716032e-02
1.119999999999987e+00	1.714804e-02
1.120999999999987e+00	1.713583e-02
1.121999999999987e+00	1.712369e-02
1.122999999999987e+00	1.711161e-02
1.123999999999987e+00	1.709961e-02
1.124999999999987e+00	1.708768e-02
1.125999999999987e+00	1.707581e-02
1.126999999999987e+00	1.706401e-02
1.127999999999987e+00	1.705227e-02
1.128999999999986e+00	1.704061e-02
1.129999999999986e+00	1.702900e-02
1.130999999999986e+00	1.701746e-02
1.131999999999986e+00	1.700599e-02
1.132999999999986e+00	1.699458e-02
1.133999999999986e+00	1.698323e-02
1.134999999999986e+00	1.697195e-02
1.135999999999986e+00	1.696072e-02
1.136999999999986e+00	1.694956e-02
1.137999999999985e+00	1.693846e-02
1.138999999999985e+00	1.692742e-02
1.139999999999985e+00	1.691644e-02
1.140999999999985e+00	1.690552e-02
1.141999999999985e+00	1.689466e-02
1.142999999999985e+00	1.688386e-02
1.143999999999985e+00	1.687311e-02
1.144999999999985e+00	1.686243e-02
1.145999999999985e+00	1.685180e-02
1.146999999999984e+00	1.684123e-02
1.147999999999984e+00	1.683071e-02
1.148999999999984e+00	1.682026e-02
1.149999999999984e+00	1.680985e-02
1.150999999999984e+00	1.679951e-02
1.151999999999984e+00	1.678922e-02
1.152999999999984e+00	1.677898e-02
1.153999999999984e+00	1.676880e-02
1.154999999999984e+00	1.675867e-02
1.155999999999983e+00	1.674860e-02
1.156999999999983e+00	1.673858e-02
1.157999999999983e+00	1.672861e-02
1.158999999999983e+00	1.671870e-02
1.159999999999983e+00	1.670883e-02
1.160999999999983e+00	1.669902e-02
1.161999999999983e+00	1.668927e-02
1.162999999999983e+00	1.667956e-02
1.163999999999983e+00	1.666990e-02
1.164999999999982e+00	1.666030e-02
1.165999999999982e+00	1.665074e-02
1.166999999999982e+00	1.664123e-02
1.167999999999982e+00	1.663178e-02
1.168999999999982e+00	1.662237e-02
1.169999999999982e+00	1.661302e-02
1.170999999999982e+00	1.660371e-02
1.171999999999982e+00	1.659445e-02
1.172999999999982e+00	1.658523e-02
1.173999999999982e+00	1.657607e-02
1.174999999999981e+00	1.656695e-02
1.175999999999981e+00	1.655788e-02
1.176999999999981e+00	1.654886e-02
1.177999999999981e+00	1.653988e-02
1.178999999999981e+00	1.653096e-02
1.179999999999981e+00	1.652207e-02
1.180999999999981e+00	1.651323e-02
1.181999999999981e+00	1.650444e-02
1.182999999999981e+00	1.649569e-02
1.183999999999980e+00	1.648699e-02
1.184999999999980e+00	1.647833e-02
1.185999999999980e+00	1.646972e-02
1.186999999999980e+00	1.646115e-02
1.187999999999980e+00	1.645262e-02
1.188999999999980e+00	1.644414e-02
1.189999999999980e+00	1.643570e-02
1.190999999999980e+00	1.642730e-02
1.191999999999980e+00	1.641895e-02
1.192999999999979e+00	1.641064e-02
1.193999999999979e+00	1.640237e-02
1.194999999999979e+00	1.639414e-02
1.195999999999979e+00	1.638595e-02
1.196999999999979e+00	1.637781e-02
1.197999999999979e+00	1.636971e-02
1.198999999999979e+00	1.636164e-02
1.199999999999979e+00	1.635362e-02
1.200999999999979e+00	1.634564e-02
1.201999999999978e+00	1.633770e-02
1.202999999999978e+00	1.632980e-02
1.203999999999978e+00	1.632193e-02
1.204999999999978e+00	1.631411e-02
1.205999999999978e+00	1.630633e-02
1.206999999999978e+00	1.629858e-02
1.207999999999978e+00	1.629088e-02
1.208999999999978e+00	1.628321e-02
1.209999999999978e+00	1.627558e-02
1.210999999999977e+00	1.626799e-02
1.211999999999977e+00	1.626043e-02
1.212999999999977e+00	1.625291e-02
1.213999999999977e+00	1.624543e-02
1.214999999999977e+00	1.623799e-02
1.215999999999977e+00	1.623059e-02
1.216999999999977e+00	1.622321e-02
1.217999999999977e+00	1.621588e-02
1.218999999999977e+00	1.620859e-02
1.219999999999976e+00	1.620132e-02
1.220999999999976e+00	1.619410e-02
1.221999999999976e+00	1.618691e-02
1.222999999999976e+00	1.617976e-02
1.223999999999976e+00	1.617263e-02
1.224999999999976e+00	1.616555e-02
1.225999999999976e+00	1.615850e-02
1.226999999999976e+00	1.615149e-02
1.227999999999976e+00	1.614450e-02
1.228999999999975e+00	1.613756e-02
1.229999999999975e+00	1.613064e-02
1.230999999999975e+00	1.612376e-02
1.231999999999975e+00	1.611692e-02
1.232999999999975e+00	1.611010e-02
1.233999999999975e+00	1.610333e-02
1.234999999999975e+00	1.609658e-02
1.235999999999975e+00	1.608986e-02
1.236999999999975e+00	1.608318e-02
1.237999999999974e+00	1.607653e-02
1.238999999999974e+00	1.606992e-02
1.239999999999974e+00	1.606333e-02
1.240999999999974e+00	1.605678e-02
1.241999999999974e+00	1.605025e-02
1.242999999999974e+00	1.604377e-02
1.243999999999974e+00	1.603731e-02
1.244999999999974e+00	1.603088e-02
1.245999999999974e+00	1.602448e-02
1.246999999999973e+00	1.601812e-02
1.247999999999973e+00	1.601178e-02
1.248999999999973e+00	1.600548e-02
1.249999999999973e+00	1.599920e-02
1.250999999999973e+00	1.599296e-02
1.251999999999973e+00	1.598674e-02
1.252999999999973e+00	1.598056e-02
1.253999999999973e+00	1.597440e-02
1.254999999999973e+00	1.596828e-02
1.255999999999972e+00	1.596218e-02
1.256999999999972e+00	1.595612e-02
1.257999999999972e+00	1.595008e-02
1.258999999999972e+00	1.594407e-02
1.259999999999972e+00	1.593809e-02
1.260999999999972e+00	1.593214e-02
1.261999999999972e+00	1.592622e-02
1.262999999999972e+00	1.592032e-02
1.263999999999972e+00	1.591446e-02
1.264999999999971e+00	1.590862e-02
1.265999999999971e+00	1.590281e-02
1.266999999999971e+00	1.589703e-02
1.267999999999971e+00	1.589127e-02
1.268999999999971e+00	1.588554e-02
1.269999999999971e+00	1.587985e-02
1.270999999999971e+00	1.587417e-02
1.271999999999971e+00	1.586853e-02
1.272999999999971e+00	1.586291e-02
1.273999999999970e+00	1.585732e-02
1.274999999999970e+00	1.585175e-02
1.275999999999970e+00	1.584622e-02
1.276999999999970e+00	1.584071e-02
1.277999999999970e+00	1.583522e-02
1.278999999999970e+00	1.582976e-02
1.279999999999970e+00	1.582433e-02
1.280999999999970e+00	1.581893e-02
1.281999999999970e+00	1.581355e-02
1.282999999999969e+00	1.580819e-02
1.283999999999969e+00	1.580286e-02
1.284999999999969e+00	1.579756e-02
1.285999999999969e+00	1.579228e-02
1.286999999999969e+00	1.578703e-02
1.287999999999969e+00	1.578180e-02
1.288999999999969e+00	1.577660e-02
1.289999999999969e+00	1.577143e-02
1.290999999999969e+00	1.576628e-02
1.291999999999969e+00	1.576115e-02
1.292999999999968e+00	1.575605e-02
1.293999999999968e+00	1.575097e-02
1.294999999999968e+00	1.574592e-02
1.295999999999968e+00	1.574089e-02
1.296999999999968e+00	1.573589e-02
1.297999999999968e+00	1.573091e-02
1.298999999999968e+00	1.572596e-02
1.299999999999968e+00	1.572103e-02
1.300999999999968e+00	1.571612e-02
1.301999999999967e+00	1.571124e-02
1.302999999999967e+00	1.570638e-02
1.303999999999967e+00	1.570154e-02
1.304999999999967e+00	1.569673e-02
1.305999999999967e+00	1.569195e-02
1.306999999999967e+00	1.568718e-02
1.307999999999967e+00	1.568244e-02
1.308999999999967e+00	1.567772e-02
1.309999999999967e+00	1.567303e-02
1.310999999999966e+00	1.566836e-02
1.311999999999966e+00	1.566371e-02
1.312999999999966e+00	1.565909e-02
1.313999999999966e+00	1.565449e-02
1.314999999999966e+00	1.564991e-02
1.315999999999966e+00	1.564535e-02
1.316999999999966e+00	1.564082e-02
1.317999999999966e+00	1.563631e-02
1.318999999999966e+00	1.563182e-02
1.319999999999965e+00	1.562735e-02
1.320999999999965e+00	1.562291e-02
1.321999999999965e+00	1.561849e-02
1.322999999999965e+00	1.561409e-02
1.323999999999965e+00	1.560971e-02
1.324999999999965e+00	1.560536e-02
1.325999999999965e+00	1.560103e-02
1.326999999999965e+00	1.559672e-02
1.327999999999965e+00	1.559243e-02
1.328999999999964e+00	1.558816e-02
1.329999999999964e+00	1.558392e-02
1.330999999999964e+00	1.557970e-02
1.331999999999964e+00	1.557550e-02
1.332999999999964e+00	1.557132e-02
1.333999999999964e+00	1.556716e-02
1.334999999999964e+00	1.556302e-02
1.335999999999964e+00	1.555891e-02
1.336999999999964e+00	1.555482e-02
1.337999999999963e+00	1.555074e-02
1.338999999999963e+00	1.554669e-02
1.339999999999963e+00	1.554267e-02
1.340999999999963e+00	1.553866e-02
1.341999999999963e+00	1.553467e-02
1.342999999999963e+00	1.553071e-02
1.343999999999963e+00	1.552676e-02
1.344999999999963e+00	1.552284e-02
1.345999999999963e+00	1.551893e-02
1.346999999999962e+00	1.551505e-02
1.347999999999962e+00	1.551119e-02
1.348999999999962e+00	1.550735e-02
1.349999999999962e+00	1.550353e-02
1.350999999999962e+00	1.549973e-02
1.351999999999962e+00	1.549595e-02
1.352999999999962e+00	1.549220e-02
1.353999999999962e+00	1.548846e-02
1.354999999999962e+00	1.548474e-02
1.355999999999961e+00	1.548105e-02
1.356999999999961e+00	1.547737e-02
1.357999999999961e+00	1.547372e-02
1.358999999999961e+00	1.547008e-02
1.359999999999961e+00	1.546647e-02
1.360999999999961e+00	1.546287e-02
1.361999999999961e+00	1.545930e-02
1.362999999999961e+00	1.545575e-02
1.363999999999961e+00	1.545221e-02
1.364999999999960e+00	1.544870e-02
1.365999999999960e+00	1.544520e-02
1.366999999999960e+00	1.544173e-02
1.367999999999960e+00	1.543828e-02
1.368999999999960e+00	1.543484e-02
1.369999999999960e+00	1.543143e-02
1.370999999999960e+00	1.542804e-02
1.371999999999960e+00	1.542466e-02
1.372999999999960e+00	1.542131e-02
1.373999999999959e+00	1.541797e-02
1.374999999999959e+00	1.541466e-02
1.375999999999959e+00	1.541136e-02
1.376999999999959e+00	1.540809e-02
1.377999999999959e+00	1.540483e-02
1.378999999999959e+00	1.540160e-02
1.379999999999959e+00	1.539838e-02
1.380999999999959e+00	1.539518e-02
1.381999999999959e+00	1.539201e-02
1.382999999999958e+00	1.538885e-02
1.383999999999958e+00	1.538571e-02
1.384999999999958e+00	1.538259e-02
1.385999999999958e+00	1.537949e-02
1.386999999999958e+00	1.537641e-02
1.387999999999958e+00	1.537335e-02
1.388999999999958e+00	1.537031e-02
1.389999999999958e+00	1.536729e-02
1.390999999999958e+00	1.536429e-02
1.391999999999957e+00	1.536130e-02
1.392999999999957e+00	1.535834e-02
1.393999999999957e+00	1.535539e-02
1.394999999999957e+00	1.535247e-02
1.395999999999957e+00	1.534956e-02
1.396999999999957e+00	1.534667e-02
1.397999999999957e+00	1.534381e-02
1.398999999999957e+00	1.534096e-02
1.399999999999957e+00	1.533813e-02
1.400999999999957e+00	1.533531e-02
1.401999999999956e+00	1.533252e-02
1.402999999999956e+00	1.532975e-02
1.403999999999956e+00	1.532700e-02
1.404999999999956e+00	1.532426e-02
1.405999999999956e+00	1.532154e-02
1.406999999999956e+00	1.531885e-02
1.407999999999956e+00	1.531617e-02
1.408999999999956e+00	1.531351e-02
1.409999999999956e+00	1.531087e-02
1.410999999999955e+00	1.530824e-02
1.411999999999955e+00	1.530564e-02
1.412999999999955e+00	1.530305e-02
1.413999999999955e+00	1.530049e-02
1.414999999999955e+00	1.529794e-02
1.415999999999955e+00	1.529541e-02
1.416999999999955e+00	1.529290e-02
1.417999999999955e+00	1.529041e-02
1.418999999999955e+00	1.528794e-02
1.419999999999954e+00	1.528548e-02
1.420999999999954e+00	1.528305e-02
1.421999999999954e+00	1.528063e-02
1.422999999999954e+00	1.527823e-02
1.423999999999954e+00	1.527585e-02
1.424999999999954e+00	1.527349e-02
1.425999999999954e+00	1.527115e-02
1.426999999999954e+00	1.526882e-02
1.427999999999954e+00	1.526651e-02
1.428999999999953e+00	1.526423e-02
1.429999999999953e+00	1.526196e-02
1.430999999999953e+00	1.525970e-02
1.431999999999953e+00	1.525747e-02
1.432999999999953e+00	1.525526e-02
1.433999999999953e+00	1.525306e-02
1.434999999999953e+00	1.525088e-02
1.435999999999953e+00	1.524872e-02
1.436999999999953e+00	1.524658e-02
1.437999999999952e+00	1.524445e-02
1.438999999999952e+00	1.524235e-02
1.439999999999952e+00	1.524026e-02
1.440999999999952e+00	1.523819e-02
1.441999999999952e+00	1.523614e-02
1.442999999999952e+00	1.523410e-02
1.443999999999952e+00	1.523209e-02
1.444999999999952e+00	1.523009e-02
1.445999999999952e+00	1.522811e-02
1.446999999999951e+00	1.522614e-02
1.447999999999951e+00	1.522420e-02
1.448999999999951e+00	1.522227e-02
1.449999999999951e+00	1.522036e-02
1.450999999999951e+00	1.521847e-02
1.451999999999951e+00	1.521660e-02
1.452999999999951e+00	1.521474e-02
1.453999999999951e+00	1.521290e-02
1.454999999999951e+00	1.521108e-02
1.455999999999950e+00	1.520928e-02
1.456999999999950e+00	1.520749e-02
1.457999999999950e+00	1.520572e-02
1.458999999999950e+00	1.520397e-02
1.459999999999950e+00	1.520223e-02
1.460999999999950e+00	1.520052e-02
1.461999999999950e+00	1.519882e-02
1.462999999999950e+00	1.519714e-02
1.463999999999950e+00	1.519547e-02
1.464999999999949e+00	1.519382e-02
1.465999999999949e+00	1.519219e-02
1.466999999999949e+00	1.519058e-02
1.467999999999949e+00	1.518898e-02
1.468999999999949e+00	1.518740e-02
1.469999999999949e+00	1.518583e-02
1.470999999999949e+00	1.518429e-02
1.471999999999949e+00	1.518276e-02
1.472999999999949e+00	1.518124e-02
1.473999999999948e+00	1.517975e-02
1.474999999999948e+00	1.517827e-02
1.475999999999948e+00	1.517680e-02
1.476999999999948e+00	1.517536e-02
1.477999999999948e+00	1.517393e-02
1.478999999999948e+00	1.517251e-02
1.479999999999948e+00	1.517111e-02
1.480999999999948e+00	1.516973e-02
1.481999999999948e+00	1.516837e-02
1.482999999999947e+00	1.516702e-02
1.483999999999947e+00	1.516568e-02
1.484999999999947e+00	1.516437e-02
1.485999999999947e+00	1.516306e-02
1.486999999999947e+00	1.516178e-02
1.487999999999947e+00	1.516051e-02
1.488999999999947e+00	1.515925e-02
1.489999999999947e+00	1.515801e-02
1.490999999999947e+00	1.515679e-02
1.491999999999946e+00	1.515558e-02
1.492999999999946e+00	1.515439e-02
1.493999999999946e+00	1.515321e-02
1.494999999999946e+00	1.515205e-02
1.495999999999946e+00	1.515090e-02
1.496999999999946e+00	1.514977e-02
1.497999999999946e+00	1.514865e-02
1.498999999999946e+00	1.514755e-02
1.499999999999946e+00	1.514646e-02
1.500999999999945e+00	1.514539e-02
1.501999999999945e+00	1.514433e-02
1.502999999999945e+00	1.514329e-02
1.503999999999945e+00	1.514226e-02
1.504999999999945e+00	1.514125e-02
1.505999999999945e+00	1.514025e-02
1.506999999999945e+00	1.513926e-02
1.507999999999945e+00	1.513829e-02
1.508999999999945e+00	1.513733e-02
1.509999999999944e+00	1.513639e-02
1.510999999999944e+00	1.513546e-02
1.511999999999944e+00	1.513454e-02
1.512999999999944e+00	1.513364e-02
1.513999999999944e+00	1.513275e-02
1.514999999999944e+00	1.513187e-02
1.515999999999944e+00	1.513101e-02
1.516999999999944e+00	1.513016e-02
1.517999999999944e+00	1.512932e-02
1.518999999999944e+00	1.512850e-02
1.519999999999943e+00	1.512769e-02
1.520999999999943e+00	1.512689e-02
1.521999999999943e+00	1.512611e-02
1.522999999999943e+00	1.512533e-02
1.523999999999943e+00	1.512457e-02
1.524999999999943e+00	1.512383e-02
1.525999999999943e+00	1.512309e-02
1.526999999999943e+00	1.512237e-02
1.527999999999943e+00	1.512166e-02
1.528999999999942e+00	1.512096e-02
1.529999999999942e+00	1.512027e-02
1.530999999999942e+00	1.511960e-02
1.531999999999942e+00	1.511893e-02
1.532999999999942e+00	1.511828e-02
1.533999999999942e+00	1.511764e-02
1.534999999999942e+00	1.511701e-02
1.535999999999942e+00	1.511639e-02
1.536999999999942e+00	1.511579e-02
1.537999999999941e+00	1.511519e-02
1.538999999999941e+00	1.511460e-02
1.539999999999941e+00	1.511403e-02
1.540999999999941e+00	1.511346e-02
1.541999999999941e+00	1.511291e-02
1.542999999999941e+00	1.511237e-02
1.543999999999941e+00	1.511183e-02
1.544999999999941e+00	1.511131e-02
1.545999999999941e+00	1.511080e-02
1.546999999999940e+00	1.511030e-02
1.547999999999940e+00	1.510980e-02
1.548999999999940e+00	1.510932e-02
1.549999999999940e+00	1.510885e-02
1.550999999999940e+00	1.510838e-02
1.551999999999940e+00	1.510793e-02
1.552999999999940e+00	1.510748e-02
1.553999999999940e+00	1.510705e-02
1.554999999999940e+00	1.510662e-02
1.555999999999939e+00	1.510620e-02
1.556999999999939e+00	1.510579e-02
1.557999999999939e+00	1.510539e-02
1.558999999999939e+00	1.510500e-02
1.559999999999939e+00	1.510462e-02
1.560999999999939e+00	1.510424e-02
1.561999999999939e+00	1.510387e-02
1.562999999999939e+00	1.510352e-02
1.563999999999939e+00	1.510317e-02
1.564999999999938e+00	1.510282e-02
1.565999999999938e+00	1.510249e-02
1.566999999999938e+00	1.510216e-02
1.567999999999938e+00	1.510184e-02
1.568999999999938e+00	1.510153e-02
1.569999999999938e+00	1.510123e-02
1.570999999999938e+00	1.510093e-02
1.571999999999938e+00	1.510064e-02
1.572999999999938e+00	1.510036e-02
1.573999999999937e+00	1.510008e-02
1.574999999999937e+00	1.509981e-02
1.575999999999937e+00	1.509955e-02
1.576999999999937e+00	1.509929e-02
1.577999999999937e+00	1.509904e-02
1.578999999999937e+00	1.509880e-02
1.579999999999937e+00	1.509857e-02
1.580999999999937e+00	1.509834e-02
1.581999999999937e+00	1.509811e-02
1.582999999999936e+00	1.509790e-02
1.583999999999936e+00	1.509769e-02
1.584999999999936e+00	1.509748e-02
1.585999999999936e+00	1.509728e-02
1.586999999999936e+00	1.509709e-02
1.587999999999936e+00	1.509690e-02
1.588999999999936e+00	1.509672e-02
1.589999999999936e+00	1.509654e-02
1.590999999999936e+00	1.509637e-02
1.591999999999935e+00	1.509621e-02
1.592999999999935e+00	1.509604e-02
1.593999999999935e+00	1.509589e-02
1.594999999999935e+00	1.509574e-02
1.595999999999935e+00	1.509559e-02
1.596999999999935e+00	1.509545e-02
1.597999999999935e+00	1.509532e-02
1.598999999999935e+00	1.509519e-02
1.599999999999935e+00	1.509506e-02
1.600999999999934e+00	1.509494e-02
1.601999999999934e+00	1.509482e-02
1.602999999999934e+00	1.509471e-02
1.603999999999934e+00	1.509460e-02
1.604999999999934e+00	1.509450e-02
1.605999999999934e+00	1.509440e-02
1.606999999999934e+00	1.509430e-02
1.607999999999934e+00	1.509421e-02
1.608999999999934e+00	1.509412e-02
1.609999999999933e+00	1.509404e-02
1.610999999999933e+00	1.509396e-02
1.611999999999933e+00	1.509389e-02
1.612999999999933e+00	1.509381e-02
1.613999999999933e+00	1.509375e-02
1.614999999999933e+00	1.509368e-02
1.615999999999933e+00	1.509362e-02
1.616999999999933e+00	1.509356e-02
1.617999999999933e+00	1.509351e-02
1.618999999999932e+00	1.509346e-02
1.619999999999932e+00	1.509341e-02
1.620999999999932e+00	1.509337e-02
1.621999999999932e+00	1.509332e-02
1.622999999999932e+00	1.509329e-02
1.623999999999932e+00	1.509325e-02
1.624999999999932e+00	1.509322e-02
1.625999999999932e+00	1.509319e-02
1.626999999999932e+00	1.509317e-02
1.627999999999932e+00	1.509314e-02
1.628999999999931e+00	1.509312e-02
1.629999999999931e+00	1.509311e-02
1.630999999999931e+00	1.509309e-02
1.631999999999931e+00	1.509308e-02
1.632999999999931e+00	1.509307e-02
1.633999999999931e+00	1.509306e-02
1.634999999999931e+00	1.509306e-02
1.635999999999931e+00	1.509306e-02
1.636999999999931e+00	1.509306e-02
1.637999999999930e+00	1.509306e-02
1.638999999999930e+00	1.509307e-02
1.639999999999930e+00	1.509307e-02
1.640999999999930e+00	1.509308e-02
1.641999999999930e+00	1.509310e-02
1.642999999999930e+00	1.509311e-02
1.643999999999930e+00	1.509313e-02
1.644999999999930e+00	1.509314e-02
1.645999999999930e+00	1.509317e-02
1.646999999999929e+00	1.509319e-02
1.647999999999929e+00	1.509321e-02
1.648999999999929e+00	1.509324e-02
1.649999999999929e+00	1.509327e-02
1.650999999999929e+00	1.509330e-02
1.651999999999929e+00	1.509333e-02
1.652999999999929e+00	1.509336e-02
1.653999999999929e+00	1.509340e-02
1.654999999999929e+00	1.509344e-02
1.655999999999928e+00	1.509348e-02
1.656999999999928e+00	1.509352e-02
1.657999999999928e+00	1.509356e-02
1.658999999999928e+00	1.509360e-02
1.659999999999928e+00	1.509365e-02
1.660999999999928e+00	1.509370e-02
1.661999999999928e+00	1.509375e-02
1.662999999999928e+00	1.509380e-02
1.663999999999928e+00	1.509385e-02
1.664999999999927e+00	1.509390e-02
1.665999999999927e+00	1.509396e-02
1.666999999999927e+00	1.509401e-02
1.667999999999927e+00	1.509407e-02
1.668999999999927e+00	1.509413e-02
1.669999999999927e+00	1.509419e-02
1.670999999999927e+00	1.509425e-02
1.671999999999927e+00	1.509431e-02
1.672999999999927e+00	1.509437e-02
1.673999999999926e+00	1.509444e-02
1.674999999999926e+00	1.509450e-02
1.675999999999926e+00	1.509457e-02
1.676999999999926e+00	1.509464e-02
1.677999999999926e+00	1.509471e-02
1.678999999999926e+00	1.509478e-02
1.679999999999926e+00	1.509485e-02
1.680999999999926e+00	1.509492e-02
1.681999999999926e+00	1.509500e-02
1.682999999999925e+00	1.509507e-02
1.683999999999925e+00	1.509515e-02
1.684999999999925e+00	1.509522e-02
1.685999999999925e+00	1.509530e-02
1.686999999999925e+00	1.509538e-02
1.687999999999925e+00	1.509546e-02
1.688999999999925e+00	1.509554e-02
1.689999999999925e+00	1.509562e-02
1.690999999999925e+00	1.509570e-02
1.691999999999924e+00	1.509578e-02
1.692999999999924e+00	1.509587e-02
1.693999999999924e+00	1.509595e-02
1.694999999999924e+00	1.509604e-02
1.695999999999924e+00	1.509612e-02
1.696999999999924e+00	1.509621e-02
1.697999999999924e+00	1.509630e-02
1.698999999999924e+00	1.509639e-02
1.699999999999924e+00	1.509647e-02
1.700999999999923e+00	1.509656e-02
1.701999999999923e+00	1.509665e-02
1.702999999999923e+00	1.509674e-02
1.703999999999923e+00	1.509684e-02
1.704999999999923e+00	1.509693e-02
1.705999999999923e+00	1.509702e-02
1.706999999999923e+00	1.509711e-02
1.707999999999923e+00	1.509721e-02
1.708999999999923e+00	1.509730e-02
1.709999999999922e+00	1.509740e-02
1.710999999999922e+00	1.509749e-02
1.711999999999922e+00	1.509759e-02
1.712999999999922e+00	1.509769e-02
1.713999999999922e+00	1.509778e-02
1.714999999999922e+00	1.509788e-02
1.715999999999922e+00	1.509798e-02
1.716999999999922e+00	1.509808e-02
1.717999999999922e+00	1.509818e-02
1.718999999999921e+00	1.509828e-02
1.719999999999921e+00	1.509838e-02
1.720999999999921e+00	1.509848e-02
1.721999999999921e+00	1.509858e-02
1.722999999999921e+00	1.509868e-02
1.723999999999921e+00	1.509879e-02
1.724999999999921e+00	1.509889e-02
1.725999999999921e+00	1.509899e-02
1.726999999999921e+00	1.509910e-02
1.727999999999920e+00	1.509920e-02
1.728999999999920e+00	1.509930e-02
1.729999999999920e+00	1.509941e-02
1.730999999999920e+00	1.509951e-02
1.731999999999920e+00	1.509962e-02
1.732999999999920e+00	1.509973e-02
1.733999999999920e+00	1.509983e-02
1.734999999999920e+00	1.509994e-02
1.735999999999920e+00	1.510005e-02
1.736999999999919e+00	1.510015e-02
1.737999999999919e+00	1.510026e-02
1.738999999999919e+00	1.510037e-02
1.739999999999919e+00	1.510048e-02
1.740999999999919e+00	1.510058e-02
1.741999999999919e+00	1.510069e-02
1.742999999999919e+00	1.510080e-02
1.743999999999919e+00	1.510091e-02
1.744999999999919e+00	1.510102e-02
1.745999999999919e+00	1.510113e-02
1.746999999999918e+00	1.510124e-02
1.747999999999918e+00	1.510135e-02
1.748999999999918e+00	1.510146e-02
1.749999999999918e+00	1.510157e-02
1.750999999999918e+00	1.510169e-02
1.751999999999918e+00	1.510180e-02
1.752999999999918e+00	1.510191e-02
1.753999999999918e+00	1.510202e-02
1.754999999999918e+00	1.510213e-02
1.755999999999917e+00	1.510224e-02
1.756999999999917e+00	1.510236e-02
1.757999999999917e+00	1.510247e-02
1.758999999999917e+00	1.510258e-02
1.759999999999917e+00	1.510270e-02
1.760999999999917e+00	1.510281e-02
1.761999999999917e+00	1.510292e-02
1.762999999999917e+00	1.510304e-02
1.763999999999917e+00	1.510315e-02
1.764999999999916e+00	1.510326e-02
1.765999999999916e+00	1.510338e-02
1.766999999999916e+00	1.510349e-02
1.767999999999916e+00	1.510361e-02
1.768999999999916e+00	1.510372e-02
1.769999999999916e+00	1.510384e-02
1.770999999999916e+00	1.510395e-02
1.771999999999916e+00	1.510407e-02
1.772999999999916e+00	1.510418e-02
1.773999999999915e+00	1.510430e-02
1.774999999999915e+00	1.510442e-02
1.775999999999915e+00	1.510453e-02
1.776999999999915e+00	1.510465e-02
1.777999999999915e+00	1.510476e-02
1.778999999999915e+00	1.510488e-02
1.779999999999915e+00	1.510500e-02
1.780999999999915e+00	1.510511e-02
1.781999999999915e+00	1.510523e-02
1.782999999999914e+00	1.510535e-02
1.783999999999914e+00	1.510546e-02
1.784999999999914e+00	1.510558e-02
1.785999999999914e+00	1.510570e-02
1.786999999999914e+00	1.510582e-02
1.787999999999914e+00	1.510593e-02
1.788999999999914e+00	1.510605e-02
1.789999999999914e+00	1.510617e-02
1.790999999999914e+00	1.510629e-02
1.791999999999913e+00	1.510640e-02
1.792999999999913e+00	1.510652e-02
1.793999999999913e+00	1.510664e-02
1.794999999999913e+00	1.510676e-02
1.795999999999913e+00	1.510688e-02
1.796999999999913e+00	1.510699e-02
1.797999999999913e+00	1.510711e-02
1.798999999999913e+00	1.510723e-02
1.800000000000000e+00	1.510735e-02
