v_in	V(u_out)
0.000000000000000e+00	9.013269e-02
1.000000000000000e-03	9.026134e-02
2.000000000000000e-03	9.039289e-02
3.000000000000000e-03	9.052520e-02
4.000000000000000e-03	9.065901e-02
5.000000000000000e-03	9.079435e-02
6.000000000000000e-03	9.093126e-02
7.000000000000000e-03	9.106974e-02
8.000000000000000e-03	9.120984e-02
9.000000000000001e-03	9.135157e-02
1.000000000000000e-02	9.149496e-02
1.100000000000000e-02	9.164005e-02
1.200000000000000e-02	9.178685e-02
1.300000000000000e-02	9.193541e-02
1.400000000000001e-02	9.208575e-02
1.500000000000001e-02	9.223790e-02
1.600000000000001e-02	9.239189e-02
1.700000000000001e-02	9.254775e-02
1.800000000000001e-02	9.270553e-02
1.900000000000001e-02	9.286524e-02
2.000000000000001e-02	9.302692e-02
2.100000000000001e-02	9.319062e-02
2.200000000000001e-02	9.335636e-02
2.300000000000001e-02	9.352417e-02
2.400000000000001e-02	9.369411e-02
2.500000000000002e-02	9.386620e-02
2.600000000000002e-02	9.404048e-02
2.700000000000002e-02	9.421700e-02
2.800000000000002e-02	9.439579e-02
2.900000000000002e-02	9.457690e-02
3.000000000000002e-02	9.476037e-02
3.100000000000002e-02	9.494623e-02
3.200000000000002e-02	9.513453e-02
3.300000000000002e-02	9.532533e-02
3.400000000000002e-02	9.551865e-02
3.500000000000002e-02	9.571456e-02
3.600000000000003e-02	9.591309e-02
3.700000000000003e-02	9.611430e-02
3.800000000000003e-02	9.631824e-02
3.900000000000003e-02	9.652495e-02
4.000000000000003e-02	9.673449e-02
4.100000000000003e-02	9.694692e-02
4.200000000000003e-02	9.716228e-02
4.300000000000003e-02	9.738062e-02
4.400000000000003e-02	9.760202e-02
4.500000000000003e-02	9.782651e-02
4.600000000000003e-02	9.805417e-02
4.700000000000003e-02	9.828506e-02
4.800000000000004e-02	9.851921e-02
4.900000000000004e-02	9.875672e-02
5.000000000000004e-02	9.899764e-02
5.100000000000004e-02	9.924203e-02
5.200000000000004e-02	9.948996e-02
5.300000000000004e-02	9.974149e-02
5.400000000000004e-02	9.999669e-02
5.500000000000004e-02	1.002556e-01
5.600000000000004e-02	1.005184e-01
5.700000000000004e-02	1.007851e-01
5.800000000000004e-02	1.010557e-01
5.900000000000005e-02	1.013303e-01
6.000000000000005e-02	1.016091e-01
6.100000000000005e-02	1.018920e-01
6.200000000000005e-02	1.021792e-01
6.300000000000004e-02	1.024708e-01
6.400000000000004e-02	1.027668e-01
6.500000000000004e-02	1.030673e-01
6.600000000000004e-02	1.033724e-01
6.700000000000005e-02	1.036821e-01
6.800000000000005e-02	1.039967e-01
6.900000000000005e-02	1.043161e-01
7.000000000000005e-02	1.046404e-01
7.100000000000005e-02	1.049698e-01
7.200000000000005e-02	1.053043e-01
7.300000000000005e-02	1.056441e-01
7.400000000000005e-02	1.059891e-01
7.500000000000005e-02	1.063395e-01
7.600000000000005e-02	1.066955e-01
7.700000000000005e-02	1.070570e-01
7.800000000000006e-02	1.074242e-01
7.900000000000006e-02	1.077972e-01
8.000000000000006e-02	1.081761e-01
8.100000000000006e-02	1.085610e-01
8.200000000000006e-02	1.089520e-01
8.300000000000006e-02	1.093492e-01
8.400000000000006e-02	1.097526e-01
8.500000000000006e-02	1.101624e-01
8.600000000000006e-02	1.105787e-01
8.700000000000006e-02	1.110016e-01
8.800000000000006e-02	1.114311e-01
8.900000000000007e-02	1.118674e-01
9.000000000000007e-02	1.123106e-01
9.100000000000007e-02	1.127607e-01
9.200000000000007e-02	1.132179e-01
9.300000000000007e-02	1.136823e-01
9.400000000000007e-02	1.141538e-01
9.500000000000007e-02	1.146328e-01
9.600000000000007e-02	1.151191e-01
9.700000000000007e-02	1.156129e-01
9.800000000000007e-02	1.161143e-01
9.900000000000007e-02	1.166234e-01
1.000000000000001e-01	1.171402e-01
1.010000000000001e-01	1.176648e-01
1.020000000000001e-01	1.181973e-01
1.030000000000001e-01	1.187378e-01
1.040000000000001e-01	1.192862e-01
1.050000000000001e-01	1.198427e-01
1.060000000000001e-01	1.204074e-01
1.070000000000001e-01	1.209802e-01
1.080000000000001e-01	1.215611e-01
1.090000000000001e-01	1.221504e-01
1.100000000000001e-01	1.227479e-01
1.110000000000001e-01	1.233537e-01
1.120000000000001e-01	1.239678e-01
1.130000000000001e-01	1.245902e-01
1.140000000000001e-01	1.252210e-01
1.150000000000001e-01	1.258601e-01
1.160000000000001e-01	1.265075e-01
1.170000000000001e-01	1.271632e-01
1.180000000000001e-01	1.278273e-01
1.190000000000001e-01	1.284996e-01
1.200000000000001e-01	1.291801e-01
1.210000000000001e-01	1.298688e-01
1.220000000000001e-01	1.305656e-01
1.230000000000001e-01	1.312705e-01
1.240000000000001e-01	1.319835e-01
1.250000000000001e-01	1.327044e-01
1.260000000000001e-01	1.334331e-01
1.270000000000001e-01	1.341697e-01
1.280000000000001e-01	1.349139e-01
1.290000000000001e-01	1.356657e-01
1.300000000000001e-01	1.364251e-01
1.310000000000001e-01	1.371918e-01
1.320000000000001e-01	1.379658e-01
1.330000000000001e-01	1.387470e-01
1.340000000000001e-01	1.395352e-01
1.350000000000001e-01	1.403304e-01
1.360000000000001e-01	1.411323e-01
1.370000000000001e-01	1.419409e-01
1.380000000000001e-01	1.427560e-01
1.390000000000001e-01	1.435774e-01
1.400000000000001e-01	1.444051e-01
1.410000000000001e-01	1.452388e-01
1.420000000000001e-01	1.460785e-01
1.430000000000001e-01	1.469240e-01
1.440000000000001e-01	1.477751e-01
1.450000000000001e-01	1.486317e-01
1.460000000000001e-01	1.494936e-01
1.470000000000001e-01	1.503607e-01
1.480000000000001e-01	1.512328e-01
1.490000000000001e-01	1.521098e-01
1.500000000000001e-01	1.529916e-01
1.510000000000001e-01	1.538779e-01
1.520000000000001e-01	1.547687e-01
1.530000000000001e-01	1.556637e-01
1.540000000000001e-01	1.565629e-01
1.550000000000001e-01	1.574661e-01
1.560000000000001e-01	1.583732e-01
1.570000000000001e-01	1.592840e-01
1.580000000000001e-01	1.601984e-01
1.590000000000001e-01	1.611163e-01
1.600000000000001e-01	1.620375e-01
1.610000000000001e-01	1.629619e-01
1.620000000000001e-01	1.638895e-01
1.630000000000001e-01	1.648200e-01
1.640000000000001e-01	1.657533e-01
1.650000000000001e-01	1.666894e-01
1.660000000000001e-01	1.676282e-01
1.670000000000001e-01	1.685695e-01
1.680000000000001e-01	1.695132e-01
1.690000000000001e-01	1.704593e-01
1.700000000000001e-01	1.714076e-01
1.710000000000001e-01	1.723581e-01
1.720000000000001e-01	1.733106e-01
1.730000000000001e-01	1.742651e-01
1.740000000000001e-01	1.752214e-01
1.750000000000001e-01	1.761796e-01
1.760000000000001e-01	1.771396e-01
1.770000000000001e-01	1.781012e-01
1.780000000000001e-01	1.790643e-01
1.790000000000001e-01	1.800290e-01
1.800000000000001e-01	1.809952e-01
1.810000000000001e-01	1.819627e-01
1.820000000000001e-01	1.829316e-01
1.830000000000001e-01	1.839018e-01
1.840000000000001e-01	1.848731e-01
1.850000000000001e-01	1.858457e-01
1.860000000000001e-01	1.868193e-01
1.870000000000001e-01	1.877941e-01
1.880000000000001e-01	1.887698e-01
1.890000000000001e-01	1.897465e-01
1.900000000000001e-01	1.907242e-01
1.910000000000001e-01	1.917028e-01
1.920000000000001e-01	1.926822e-01
1.930000000000001e-01	1.936624e-01
1.940000000000001e-01	1.946434e-01
1.950000000000001e-01	1.956252e-01
1.960000000000001e-01	1.966076e-01
1.970000000000001e-01	1.975908e-01
1.980000000000001e-01	1.985746e-01
1.990000000000001e-01	1.995590e-01
2.000000000000001e-01	2.005441e-01
2.010000000000002e-01	2.015297e-01
2.020000000000002e-01	2.025158e-01
2.030000000000002e-01	2.035025e-01
2.040000000000002e-01	2.044897e-01
2.050000000000002e-01	2.054774e-01
2.060000000000002e-01	2.064655e-01
2.070000000000002e-01	2.074541e-01
2.080000000000002e-01	2.084431e-01
2.090000000000002e-01	2.094325e-01
2.100000000000002e-01	2.104222e-01
2.110000000000002e-01	2.114124e-01
2.120000000000002e-01	2.124029e-01
2.130000000000002e-01	2.133938e-01
2.140000000000002e-01	2.143849e-01
2.150000000000002e-01	2.153764e-01
2.160000000000002e-01	2.163682e-01
2.170000000000002e-01	2.173603e-01
2.180000000000002e-01	2.183527e-01
2.190000000000002e-01	2.193453e-01
2.200000000000002e-01	2.203382e-01
2.210000000000002e-01	2.213313e-01
2.220000000000002e-01	2.223247e-01
2.230000000000002e-01	2.233182e-01
2.240000000000002e-01	2.243121e-01
2.250000000000002e-01	2.253061e-01
2.260000000000002e-01	2.263003e-01
2.270000000000002e-01	2.272947e-01
2.280000000000002e-01	2.282893e-01
2.290000000000002e-01	2.292840e-01
2.300000000000002e-01	2.302790e-01
2.310000000000002e-01	2.312741e-01
2.320000000000002e-01	2.322693e-01
2.330000000000002e-01	2.332647e-01
2.340000000000002e-01	2.342603e-01
2.350000000000002e-01	2.352560e-01
2.360000000000002e-01	2.362518e-01
2.370000000000002e-01	2.372477e-01
2.380000000000002e-01	2.382438e-01
2.390000000000002e-01	2.392400e-01
2.400000000000002e-01	2.402363e-01
2.410000000000002e-01	2.412328e-01
2.420000000000002e-01	2.422293e-01
2.430000000000002e-01	2.432259e-01
2.440000000000002e-01	2.442227e-01
2.450000000000002e-01	2.452195e-01
2.460000000000002e-01	2.462164e-01
2.470000000000002e-01	2.472135e-01
2.480000000000002e-01	2.482106e-01
2.490000000000002e-01	2.492077e-01
2.500000000000002e-01	2.502050e-01
2.510000000000002e-01	2.512024e-01
2.520000000000002e-01	2.521998e-01
2.530000000000002e-01	2.531973e-01
2.540000000000002e-01	2.541949e-01
2.550000000000002e-01	2.551925e-01
2.560000000000002e-01	2.561902e-01
2.570000000000002e-01	2.571879e-01
2.580000000000002e-01	2.581857e-01
2.590000000000002e-01	2.591836e-01
2.600000000000002e-01	2.601815e-01
2.610000000000002e-01	2.611795e-01
2.620000000000002e-01	2.621776e-01
2.630000000000002e-01	2.631757e-01
2.640000000000002e-01	2.641738e-01
2.650000000000002e-01	2.651720e-01
2.660000000000002e-01	2.661703e-01
2.670000000000002e-01	2.671686e-01
2.680000000000002e-01	2.681669e-01
2.690000000000002e-01	2.691652e-01
2.700000000000002e-01	2.701637e-01
2.710000000000002e-01	2.711621e-01
2.720000000000002e-01	2.721606e-01
2.730000000000002e-01	2.731591e-01
2.740000000000002e-01	2.741577e-01
2.750000000000002e-01	2.751563e-01
2.760000000000002e-01	2.761549e-01
2.770000000000002e-01	2.771536e-01
2.780000000000002e-01	2.781523e-01
2.790000000000002e-01	2.791510e-01
2.800000000000002e-01	2.801497e-01
2.810000000000002e-01	2.811485e-01
2.820000000000002e-01	2.821473e-01
2.830000000000002e-01	2.831462e-01
2.840000000000002e-01	2.841450e-01
2.850000000000002e-01	2.851439e-01
2.860000000000002e-01	2.861428e-01
2.870000000000002e-01	2.871418e-01
2.880000000000002e-01	2.881407e-01
2.890000000000002e-01	2.891397e-01
2.900000000000002e-01	2.901387e-01
2.910000000000002e-01	2.911378e-01
2.920000000000002e-01	2.921368e-01
2.930000000000002e-01	2.931359e-01
2.940000000000002e-01	2.941350e-01
2.950000000000002e-01	2.951341e-01
2.960000000000002e-01	2.961332e-01
2.970000000000002e-01	2.971324e-01
2.980000000000002e-01	2.981315e-01
2.990000000000002e-01	2.991307e-01
3.000000000000002e-01	3.001299e-01
3.010000000000002e-01	3.011291e-01
3.020000000000002e-01	3.021283e-01
3.030000000000002e-01	3.031276e-01
3.040000000000002e-01	3.041269e-01
3.050000000000002e-01	3.051261e-01
3.060000000000002e-01	3.061254e-01
3.070000000000002e-01	3.071247e-01
3.080000000000002e-01	3.081240e-01
3.090000000000002e-01	3.091234e-01
3.100000000000002e-01	3.101227e-01
3.110000000000002e-01	3.111221e-01
3.120000000000002e-01	3.121214e-01
3.130000000000002e-01	3.131208e-01
3.140000000000002e-01	3.141202e-01
3.150000000000002e-01	3.151196e-01
3.160000000000002e-01	3.161190e-01
3.170000000000002e-01	3.171184e-01
3.180000000000002e-01	3.181179e-01
3.190000000000002e-01	3.191173e-01
3.200000000000002e-01	3.201168e-01
3.210000000000002e-01	3.211162e-01
3.220000000000002e-01	3.221157e-01
3.230000000000002e-01	3.231152e-01
3.240000000000002e-01	3.241147e-01
3.250000000000002e-01	3.251142e-01
3.260000000000002e-01	3.261137e-01
3.270000000000002e-01	3.271132e-01
3.280000000000002e-01	3.281127e-01
3.290000000000002e-01	3.291122e-01
3.300000000000002e-01	3.301118e-01
3.310000000000002e-01	3.311113e-01
3.320000000000002e-01	3.321109e-01
3.330000000000002e-01	3.331105e-01
3.340000000000002e-01	3.341100e-01
3.350000000000002e-01	3.351096e-01
3.360000000000002e-01	3.361092e-01
3.370000000000002e-01	3.371088e-01
3.380000000000002e-01	3.381083e-01
3.390000000000002e-01	3.391079e-01
3.400000000000002e-01	3.401076e-01
3.410000000000002e-01	3.411072e-01
3.420000000000002e-01	3.421068e-01
3.430000000000002e-01	3.431064e-01
3.440000000000003e-01	3.441060e-01
3.450000000000003e-01	3.451057e-01
3.460000000000003e-01	3.461053e-01
3.470000000000003e-01	3.471049e-01
3.480000000000003e-01	3.481046e-01
3.490000000000003e-01	3.491043e-01
3.500000000000003e-01	3.501039e-01
3.510000000000003e-01	3.511036e-01
3.520000000000003e-01	3.521033e-01
3.530000000000003e-01	3.531029e-01
3.540000000000003e-01	3.541026e-01
3.550000000000003e-01	3.551023e-01
3.560000000000003e-01	3.561020e-01
3.570000000000003e-01	3.571016e-01
3.580000000000003e-01	3.581014e-01
3.590000000000003e-01	3.591011e-01
3.600000000000003e-01	3.601007e-01
3.610000000000003e-01	3.611005e-01
3.620000000000003e-01	3.621002e-01
3.630000000000003e-01	3.630999e-01
3.640000000000003e-01	3.640996e-01
3.650000000000003e-01	3.650993e-01
3.660000000000003e-01	3.660991e-01
3.670000000000003e-01	3.670988e-01
3.680000000000003e-01	3.680985e-01
3.690000000000003e-01	3.690982e-01
3.700000000000003e-01	3.700980e-01
3.710000000000003e-01	3.710977e-01
3.720000000000003e-01	3.720975e-01
3.730000000000003e-01	3.730972e-01
3.740000000000003e-01	3.740970e-01
3.750000000000003e-01	3.750967e-01
3.760000000000003e-01	3.760965e-01
3.770000000000003e-01	3.770962e-01
3.780000000000003e-01	3.780960e-01
3.790000000000003e-01	3.790958e-01
3.800000000000003e-01	3.800955e-01
3.810000000000003e-01	3.810953e-01
3.820000000000003e-01	3.820951e-01
3.830000000000003e-01	3.830948e-01
3.840000000000003e-01	3.840946e-01
3.850000000000003e-01	3.850944e-01
3.860000000000003e-01	3.860942e-01
3.870000000000003e-01	3.870940e-01
3.880000000000003e-01	3.880937e-01
3.890000000000003e-01	3.890935e-01
3.900000000000003e-01	3.900933e-01
3.910000000000003e-01	3.910931e-01
3.920000000000003e-01	3.920929e-01
3.930000000000003e-01	3.930927e-01
3.940000000000003e-01	3.940925e-01
3.950000000000003e-01	3.950923e-01
3.960000000000003e-01	3.960921e-01
3.970000000000003e-01	3.970919e-01
3.980000000000003e-01	3.980917e-01
3.990000000000003e-01	3.990915e-01
4.000000000000003e-01	4.000914e-01
4.010000000000003e-01	4.010912e-01
4.020000000000003e-01	4.020910e-01
4.030000000000003e-01	4.030908e-01
4.040000000000003e-01	4.040906e-01
4.050000000000003e-01	4.050904e-01
4.060000000000003e-01	4.060902e-01
4.070000000000003e-01	4.070900e-01
4.080000000000003e-01	4.080899e-01
4.090000000000003e-01	4.090897e-01
4.100000000000003e-01	4.100895e-01
4.110000000000003e-01	4.110894e-01
4.120000000000003e-01	4.120892e-01
4.130000000000003e-01	4.130890e-01
4.140000000000003e-01	4.140888e-01
4.150000000000003e-01	4.150887e-01
4.160000000000003e-01	4.160885e-01
4.170000000000003e-01	4.170883e-01
4.180000000000003e-01	4.180882e-01
4.190000000000003e-01	4.190880e-01
4.200000000000003e-01	4.200879e-01
4.210000000000003e-01	4.210877e-01
4.220000000000003e-01	4.220876e-01
4.230000000000003e-01	4.230874e-01
4.240000000000003e-01	4.240872e-01
4.250000000000003e-01	4.250871e-01
4.260000000000003e-01	4.260869e-01
4.270000000000003e-01	4.270868e-01
4.280000000000003e-01	4.280866e-01
4.290000000000003e-01	4.290865e-01
4.300000000000003e-01	4.300863e-01
4.310000000000003e-01	4.310862e-01
4.320000000000003e-01	4.320860e-01
4.330000000000003e-01	4.330859e-01
4.340000000000003e-01	4.340857e-01
4.350000000000003e-01	4.350856e-01
4.360000000000003e-01	4.360854e-01
4.370000000000003e-01	4.370853e-01
4.380000000000003e-01	4.380852e-01
4.390000000000003e-01	4.390850e-01
4.400000000000003e-01	4.400849e-01
4.410000000000003e-01	4.410847e-01
4.420000000000003e-01	4.420846e-01
4.430000000000003e-01	4.430845e-01
4.440000000000003e-01	4.440843e-01
4.450000000000003e-01	4.450842e-01
4.460000000000003e-01	4.460841e-01
4.470000000000003e-01	4.470840e-01
4.480000000000003e-01	4.480838e-01
4.490000000000003e-01	4.490837e-01
4.500000000000003e-01	4.500836e-01
4.510000000000003e-01	4.510834e-01
4.520000000000003e-01	4.520833e-01
4.530000000000003e-01	4.530832e-01
4.540000000000003e-01	4.540830e-01
4.550000000000003e-01	4.550829e-01
4.560000000000003e-01	4.560828e-01
4.570000000000004e-01	4.570827e-01
4.580000000000004e-01	4.580825e-01
4.590000000000004e-01	4.590824e-01
4.600000000000004e-01	4.600823e-01
4.610000000000004e-01	4.610822e-01
4.620000000000004e-01	4.620820e-01
4.630000000000004e-01	4.630819e-01
4.640000000000004e-01	4.640818e-01
4.650000000000004e-01	4.650817e-01
4.660000000000004e-01	4.660816e-01
4.670000000000004e-01	4.670814e-01
4.680000000000004e-01	4.680813e-01
4.690000000000004e-01	4.690812e-01
4.700000000000004e-01	4.700811e-01
4.710000000000004e-01	4.710810e-01
4.720000000000004e-01	4.720809e-01
4.730000000000004e-01	4.730807e-01
4.740000000000004e-01	4.740806e-01
4.750000000000004e-01	4.750805e-01
4.760000000000004e-01	4.760804e-01
4.770000000000004e-01	4.770803e-01
4.780000000000004e-01	4.780802e-01
4.790000000000004e-01	4.790801e-01
4.800000000000004e-01	4.800799e-01
4.810000000000004e-01	4.810798e-01
4.820000000000004e-01	4.820797e-01
4.830000000000004e-01	4.830796e-01
4.840000000000004e-01	4.840795e-01
4.850000000000004e-01	4.850794e-01
4.860000000000004e-01	4.860793e-01
4.870000000000004e-01	4.870792e-01
4.880000000000004e-01	4.880791e-01
4.890000000000004e-01	4.890790e-01
4.900000000000004e-01	4.900789e-01
4.910000000000004e-01	4.910787e-01
4.920000000000004e-01	4.920786e-01
4.930000000000004e-01	4.930785e-01
4.940000000000004e-01	4.940784e-01
4.950000000000004e-01	4.950783e-01
4.960000000000004e-01	4.960782e-01
4.970000000000004e-01	4.970781e-01
4.980000000000004e-01	4.980780e-01
4.990000000000004e-01	4.990779e-01
5.000000000000003e-01	5.000778e-01
5.010000000000003e-01	5.010777e-01
5.020000000000003e-01	5.020776e-01
5.030000000000003e-01	5.030775e-01
5.040000000000003e-01	5.040774e-01
5.050000000000003e-01	5.050773e-01
5.060000000000003e-01	5.060772e-01
5.070000000000003e-01	5.070771e-01
5.080000000000003e-01	5.080770e-01
5.090000000000003e-01	5.090769e-01
5.100000000000003e-01	5.100768e-01
5.110000000000003e-01	5.110767e-01
5.120000000000003e-01	5.120766e-01
5.130000000000003e-01	5.130765e-01
5.140000000000003e-01	5.140764e-01
5.150000000000003e-01	5.150763e-01
5.160000000000003e-01	5.160762e-01
5.170000000000003e-01	5.170761e-01
5.180000000000003e-01	5.180760e-01
5.190000000000003e-01	5.190759e-01
5.200000000000004e-01	5.200759e-01
5.210000000000004e-01	5.210757e-01
5.220000000000004e-01	5.220757e-01
5.230000000000004e-01	5.230756e-01
5.240000000000004e-01	5.240754e-01
5.250000000000004e-01	5.250754e-01
5.260000000000004e-01	5.260753e-01
5.270000000000004e-01	5.270752e-01
5.280000000000004e-01	5.280751e-01
5.290000000000004e-01	5.290750e-01
5.300000000000004e-01	5.300749e-01
5.310000000000004e-01	5.310748e-01
5.320000000000004e-01	5.320747e-01
5.330000000000004e-01	5.330746e-01
5.340000000000004e-01	5.340745e-01
5.350000000000004e-01	5.350745e-01
5.360000000000004e-01	5.360743e-01
5.370000000000004e-01	5.370743e-01
5.380000000000004e-01	5.380742e-01
5.390000000000004e-01	5.390741e-01
5.400000000000004e-01	5.400740e-01
5.410000000000004e-01	5.410739e-01
5.420000000000004e-01	5.420738e-01
5.430000000000004e-01	5.430737e-01
5.440000000000004e-01	5.440736e-01
5.450000000000004e-01	5.450736e-01
5.460000000000004e-01	5.460734e-01
5.470000000000004e-01	5.470734e-01
5.480000000000004e-01	5.480733e-01
5.490000000000004e-01	5.490732e-01
5.500000000000004e-01	5.500731e-01
5.510000000000004e-01	5.510730e-01
5.520000000000004e-01	5.520729e-01
5.530000000000004e-01	5.530729e-01
5.540000000000004e-01	5.540727e-01
5.550000000000004e-01	5.550727e-01
5.560000000000004e-01	5.560726e-01
5.570000000000004e-01	5.570725e-01
5.580000000000004e-01	5.580724e-01
5.590000000000004e-01	5.590723e-01
5.600000000000004e-01	5.600722e-01
5.610000000000004e-01	5.610722e-01
5.620000000000004e-01	5.620721e-01
5.630000000000004e-01	5.630720e-01
5.640000000000004e-01	5.640719e-01
5.650000000000004e-01	5.650718e-01
5.660000000000004e-01	5.660717e-01
5.670000000000004e-01	5.670717e-01
5.680000000000004e-01	5.680716e-01
5.690000000000004e-01	5.690715e-01
5.700000000000004e-01	5.700714e-01
5.710000000000004e-01	5.710713e-01
5.720000000000004e-01	5.720713e-01
5.730000000000004e-01	5.730712e-01
5.740000000000004e-01	5.740711e-01
5.750000000000004e-01	5.750710e-01
5.760000000000004e-01	5.760709e-01
5.770000000000004e-01	5.770708e-01
5.780000000000004e-01	5.780708e-01
5.790000000000004e-01	5.790707e-01
5.800000000000004e-01	5.800706e-01
5.810000000000004e-01	5.810705e-01
5.820000000000004e-01	5.820704e-01
5.830000000000004e-01	5.830703e-01
5.840000000000004e-01	5.840703e-01
5.850000000000004e-01	5.850702e-01
5.860000000000004e-01	5.860701e-01
5.870000000000004e-01	5.870700e-01
5.880000000000004e-01	5.880700e-01
5.890000000000004e-01	5.890698e-01
5.900000000000004e-01	5.900698e-01
5.910000000000004e-01	5.910697e-01
5.920000000000004e-01	5.920696e-01
5.930000000000004e-01	5.930696e-01
5.940000000000004e-01	5.940695e-01
5.950000000000004e-01	5.950694e-01
5.960000000000004e-01	5.960693e-01
5.970000000000004e-01	5.970693e-01
5.980000000000004e-01	5.980691e-01
5.990000000000004e-01	5.990691e-01
6.000000000000004e-01	6.000690e-01
6.010000000000004e-01	6.010689e-01
6.020000000000004e-01	6.020688e-01
6.030000000000004e-01	6.030688e-01
6.040000000000004e-01	6.040687e-01
6.050000000000004e-01	6.050686e-01
6.060000000000004e-01	6.060686e-01
6.070000000000004e-01	6.070685e-01
6.080000000000004e-01	6.080684e-01
6.090000000000004e-01	6.090683e-01
6.100000000000004e-01	6.100683e-01
6.110000000000004e-01	6.110681e-01
6.120000000000004e-01	6.120681e-01
6.130000000000004e-01	6.130680e-01
6.140000000000004e-01	6.140679e-01
6.150000000000004e-01	6.150678e-01
6.160000000000004e-01	6.160678e-01
6.170000000000004e-01	6.170677e-01
6.180000000000004e-01	6.180676e-01
6.190000000000004e-01	6.190675e-01
6.200000000000004e-01	6.200675e-01
6.210000000000004e-01	6.210674e-01
6.220000000000004e-01	6.220673e-01
6.230000000000004e-01	6.230673e-01
6.240000000000004e-01	6.240672e-01
6.250000000000004e-01	6.250671e-01
6.260000000000004e-01	6.260670e-01
6.270000000000004e-01	6.270670e-01
6.280000000000004e-01	6.280669e-01
6.290000000000004e-01	6.290668e-01
6.300000000000004e-01	6.300668e-01
6.310000000000004e-01	6.310667e-01
6.320000000000005e-01	6.320666e-01
6.330000000000005e-01	6.330665e-01
6.340000000000005e-01	6.340665e-01
6.350000000000005e-01	6.350664e-01
6.360000000000005e-01	6.360663e-01
6.370000000000005e-01	6.370662e-01
6.380000000000005e-01	6.380662e-01
6.390000000000005e-01	6.390661e-01
6.400000000000005e-01	6.400660e-01
6.410000000000005e-01	6.410660e-01
6.420000000000005e-01	6.420659e-01
6.430000000000005e-01	6.430658e-01
6.440000000000005e-01	6.440657e-01
6.450000000000005e-01	6.450657e-01
6.460000000000005e-01	6.460656e-01
6.470000000000005e-01	6.470655e-01
6.480000000000005e-01	6.480654e-01
6.490000000000005e-01	6.490654e-01
6.500000000000005e-01	6.500653e-01
6.510000000000005e-01	6.510652e-01
6.520000000000005e-01	6.520652e-01
6.530000000000005e-01	6.530651e-01
6.540000000000005e-01	6.540650e-01
6.550000000000005e-01	6.550649e-01
6.560000000000005e-01	6.560649e-01
6.570000000000005e-01	6.570648e-01
6.580000000000005e-01	6.580647e-01
6.590000000000005e-01	6.590647e-01
6.600000000000005e-01	6.600646e-01
6.610000000000005e-01	6.610645e-01
6.620000000000005e-01	6.620644e-01
6.630000000000005e-01	6.630644e-01
6.640000000000005e-01	6.640643e-01
6.650000000000005e-01	6.650642e-01
6.660000000000005e-01	6.660641e-01
6.670000000000005e-01	6.670641e-01
6.680000000000005e-01	6.680640e-01
6.690000000000005e-01	6.690639e-01
6.700000000000005e-01	6.700639e-01
6.710000000000005e-01	6.710638e-01
6.720000000000005e-01	6.720637e-01
6.730000000000005e-01	6.730637e-01
6.740000000000005e-01	6.740636e-01
6.750000000000005e-01	6.750636e-01
6.760000000000005e-01	6.760635e-01
6.770000000000005e-01	6.770634e-01
6.780000000000005e-01	6.780633e-01
6.790000000000005e-01	6.790633e-01
6.800000000000005e-01	6.800632e-01
6.810000000000005e-01	6.810631e-01
6.820000000000005e-01	6.820630e-01
6.830000000000005e-01	6.830630e-01
6.840000000000005e-01	6.840629e-01
6.850000000000005e-01	6.850628e-01
6.860000000000005e-01	6.860628e-01
6.870000000000005e-01	6.870627e-01
6.880000000000005e-01	6.880627e-01
6.890000000000005e-01	6.890626e-01
6.900000000000005e-01	6.900625e-01
6.910000000000005e-01	6.910625e-01
6.920000000000005e-01	6.920624e-01
6.930000000000005e-01	6.930623e-01
6.940000000000005e-01	6.940622e-01
6.950000000000005e-01	6.950622e-01
6.960000000000005e-01	6.960621e-01
6.970000000000005e-01	6.970621e-01
6.980000000000005e-01	6.980620e-01
6.990000000000005e-01	6.990619e-01
7.000000000000005e-01	7.000619e-01
7.010000000000005e-01	7.010618e-01
7.020000000000005e-01	7.020617e-01
7.030000000000005e-01	7.030616e-01
7.040000000000005e-01	7.040616e-01
7.050000000000005e-01	7.050615e-01
7.060000000000005e-01	7.060615e-01
7.070000000000005e-01	7.070614e-01
7.080000000000005e-01	7.080613e-01
7.090000000000005e-01	7.090613e-01
7.100000000000005e-01	7.100612e-01
7.110000000000005e-01	7.110611e-01
7.120000000000005e-01	7.120610e-01
7.130000000000005e-01	7.130610e-01
7.140000000000005e-01	7.140610e-01
7.150000000000005e-01	7.150609e-01
7.160000000000005e-01	7.160608e-01
7.170000000000005e-01	7.170607e-01
7.180000000000005e-01	7.180607e-01
7.190000000000005e-01	7.190606e-01
7.200000000000005e-01	7.200606e-01
7.210000000000005e-01	7.210605e-01
7.220000000000005e-01	7.220604e-01
7.230000000000005e-01	7.230604e-01
7.240000000000005e-01	7.240603e-01
7.250000000000005e-01	7.250602e-01
7.260000000000005e-01	7.260602e-01
7.270000000000005e-01	7.270601e-01
7.280000000000005e-01	7.280601e-01
7.290000000000005e-01	7.290600e-01
7.300000000000005e-01	7.300599e-01
7.310000000000005e-01	7.310598e-01
7.320000000000005e-01	7.320598e-01
7.330000000000005e-01	7.330598e-01
7.340000000000005e-01	7.340597e-01
7.350000000000005e-01	7.350596e-01
7.360000000000005e-01	7.360595e-01
7.370000000000005e-01	7.370595e-01
7.380000000000005e-01	7.380595e-01
7.390000000000005e-01	7.390594e-01
7.400000000000005e-01	7.400593e-01
7.410000000000005e-01	7.410592e-01
7.420000000000005e-01	7.420592e-01
7.430000000000005e-01	7.430592e-01
7.440000000000005e-01	7.440591e-01
7.450000000000006e-01	7.450590e-01
7.460000000000006e-01	7.460589e-01
7.470000000000006e-01	7.470589e-01
7.480000000000006e-01	7.480589e-01
7.490000000000006e-01	7.490588e-01
7.500000000000006e-01	7.500587e-01
7.510000000000006e-01	7.510586e-01
7.520000000000006e-01	7.520586e-01
7.530000000000006e-01	7.530586e-01
7.540000000000006e-01	7.540585e-01
7.550000000000006e-01	7.550584e-01
7.560000000000006e-01	7.560583e-01
7.570000000000006e-01	7.570583e-01
7.580000000000006e-01	7.580582e-01
7.590000000000006e-01	7.590582e-01
7.600000000000006e-01	7.600581e-01
7.610000000000006e-01	7.610581e-01
7.620000000000006e-01	7.620580e-01
7.630000000000006e-01	7.630579e-01
7.640000000000006e-01	7.640579e-01
7.650000000000006e-01	7.650579e-01
7.660000000000006e-01	7.660578e-01
7.670000000000006e-01	7.670577e-01
7.680000000000006e-01	7.680577e-01
7.690000000000006e-01	7.690576e-01
7.700000000000006e-01	7.700576e-01
7.710000000000006e-01	7.710575e-01
7.720000000000006e-01	7.720575e-01
7.730000000000006e-01	7.730574e-01
7.740000000000006e-01	7.740573e-01
7.750000000000006e-01	7.750573e-01
7.760000000000006e-01	7.760572e-01
7.770000000000006e-01	7.770572e-01
7.780000000000006e-01	7.780571e-01
7.790000000000006e-01	7.790571e-01
7.800000000000006e-01	7.800570e-01
7.810000000000006e-01	7.810569e-01
7.820000000000006e-01	7.820569e-01
7.830000000000006e-01	7.830569e-01
7.840000000000006e-01	7.840568e-01
7.850000000000006e-01	7.850568e-01
7.860000000000006e-01	7.860567e-01
7.870000000000006e-01	7.870566e-01
7.880000000000006e-01	7.880566e-01
7.890000000000006e-01	7.890565e-01
7.900000000000006e-01	7.900565e-01
7.910000000000006e-01	7.910564e-01
7.920000000000006e-01	7.920564e-01
7.930000000000006e-01	7.930563e-01
7.940000000000006e-01	7.940563e-01
7.950000000000006e-01	7.950562e-01
7.960000000000006e-01	7.960562e-01
7.970000000000006e-01	7.970561e-01
7.980000000000006e-01	7.980561e-01
7.990000000000006e-01	7.990560e-01
8.000000000000006e-01	8.000560e-01
8.010000000000006e-01	8.010559e-01
8.020000000000006e-01	8.020559e-01
8.030000000000006e-01	8.030558e-01
8.040000000000006e-01	8.040558e-01
8.050000000000006e-01	8.050557e-01
8.060000000000006e-01	8.060557e-01
8.070000000000006e-01	8.070556e-01
8.080000000000006e-01	8.080556e-01
8.090000000000006e-01	8.090555e-01
8.100000000000006e-01	8.100555e-01
8.110000000000006e-01	8.110554e-01
8.120000000000006e-01	8.120554e-01
8.130000000000006e-01	8.130553e-01
8.140000000000006e-01	8.140553e-01
8.150000000000006e-01	8.150553e-01
8.160000000000006e-01	8.160552e-01
8.170000000000006e-01	8.170552e-01
8.180000000000006e-01	8.180551e-01
8.190000000000006e-01	8.190551e-01
8.200000000000006e-01	8.200550e-01
8.210000000000006e-01	8.210550e-01
8.220000000000006e-01	8.220549e-01
8.230000000000006e-01	8.230549e-01
8.240000000000006e-01	8.240548e-01
8.250000000000006e-01	8.250548e-01
8.260000000000006e-01	8.260548e-01
8.270000000000006e-01	8.270547e-01
8.280000000000006e-01	8.280547e-01
8.290000000000006e-01	8.290547e-01
8.300000000000006e-01	8.300546e-01
8.310000000000006e-01	8.310546e-01
8.320000000000006e-01	8.320545e-01
8.330000000000006e-01	8.330545e-01
8.340000000000006e-01	8.340544e-01
8.350000000000006e-01	8.350544e-01
8.360000000000006e-01	8.360544e-01
8.370000000000006e-01	8.370543e-01
8.380000000000006e-01	8.380543e-01
8.390000000000006e-01	8.390542e-01
8.400000000000006e-01	8.400542e-01
8.410000000000006e-01	8.410541e-01
8.420000000000006e-01	8.420541e-01
8.430000000000006e-01	8.430541e-01
8.440000000000006e-01	8.440540e-01
8.450000000000006e-01	8.450540e-01
8.460000000000006e-01	8.460540e-01
8.470000000000006e-01	8.470539e-01
8.480000000000006e-01	8.480539e-01
8.490000000000006e-01	8.490539e-01
8.500000000000006e-01	8.500538e-01
8.510000000000006e-01	8.510538e-01
8.520000000000006e-01	8.520538e-01
8.530000000000006e-01	8.530537e-01
8.540000000000006e-01	8.540537e-01
8.550000000000006e-01	8.550537e-01
8.560000000000006e-01	8.560537e-01
8.570000000000007e-01	8.570536e-01
8.580000000000007e-01	8.580536e-01
8.590000000000007e-01	8.590536e-01
8.600000000000007e-01	8.600536e-01
8.610000000000007e-01	8.610535e-01
8.620000000000007e-01	8.620535e-01
8.630000000000007e-01	8.630535e-01
8.640000000000007e-01	8.640535e-01
8.650000000000007e-01	8.650535e-01
8.660000000000007e-01	8.660534e-01
8.670000000000007e-01	8.670534e-01
8.680000000000007e-01	8.680534e-01
8.690000000000007e-01	8.690534e-01
8.700000000000007e-01	8.700534e-01
8.710000000000007e-01	8.710533e-01
8.720000000000007e-01	8.720533e-01
8.730000000000007e-01	8.730533e-01
8.740000000000007e-01	8.740533e-01
8.750000000000007e-01	8.750532e-01
8.760000000000007e-01	8.760532e-01
8.770000000000007e-01	8.770532e-01
8.780000000000007e-01	8.780532e-01
8.790000000000007e-01	8.790532e-01
8.800000000000007e-01	8.800532e-01
8.810000000000007e-01	8.810531e-01
8.820000000000007e-01	8.820532e-01
8.830000000000007e-01	8.830532e-01
8.840000000000007e-01	8.840532e-01
8.850000000000007e-01	8.850532e-01
8.860000000000007e-01	8.860531e-01
8.870000000000007e-01	8.870531e-01
8.880000000000007e-01	8.880531e-01
8.890000000000007e-01	8.890531e-01
8.900000000000007e-01	8.900532e-01
8.910000000000007e-01	8.910531e-01
8.920000000000007e-01	8.920531e-01
8.930000000000007e-01	8.930531e-01
8.940000000000007e-01	8.940531e-01
8.950000000000007e-01	8.950531e-01
8.960000000000007e-01	8.960531e-01
8.970000000000007e-01	8.970531e-01
8.980000000000007e-01	8.980532e-01
8.990000000000007e-01	8.990532e-01
9.000000000000007e-01	9.000532e-01
9.010000000000007e-01	9.010532e-01
9.020000000000007e-01	9.020532e-01
9.030000000000007e-01	9.030532e-01
9.040000000000007e-01	9.040532e-01
9.050000000000007e-01	9.050533e-01
9.060000000000007e-01	9.060532e-01
9.070000000000007e-01	9.070533e-01
9.080000000000007e-01	9.080533e-01
9.090000000000007e-01	9.090533e-01
9.100000000000007e-01	9.100534e-01
9.110000000000007e-01	9.110534e-01
9.120000000000007e-01	9.120534e-01
9.130000000000007e-01	9.130535e-01
9.140000000000007e-01	9.140535e-01
9.150000000000007e-01	9.150535e-01
9.160000000000007e-01	9.160535e-01
9.170000000000007e-01	9.170536e-01
9.180000000000007e-01	9.180536e-01
9.190000000000007e-01	9.190537e-01
9.200000000000007e-01	9.200537e-01
9.210000000000007e-01	9.210538e-01
9.220000000000007e-01	9.220538e-01
9.230000000000007e-01	9.230539e-01
9.240000000000007e-01	9.240539e-01
9.250000000000007e-01	9.250540e-01
9.260000000000007e-01	9.260541e-01
9.270000000000007e-01	9.270541e-01
9.280000000000007e-01	9.280542e-01
9.290000000000007e-01	9.290542e-01
9.300000000000007e-01	9.300543e-01
9.310000000000007e-01	9.310544e-01
9.320000000000007e-01	9.320545e-01
9.330000000000007e-01	9.330545e-01
9.340000000000007e-01	9.340546e-01
9.350000000000007e-01	9.350547e-01
9.360000000000007e-01	9.360548e-01
9.370000000000007e-01	9.370549e-01
9.380000000000007e-01	9.380550e-01
9.390000000000007e-01	9.390550e-01
9.400000000000007e-01	9.400551e-01
9.410000000000007e-01	9.410552e-01
9.420000000000007e-01	9.420553e-01
9.430000000000007e-01	9.430555e-01
9.440000000000007e-01	9.440556e-01
9.450000000000007e-01	9.450557e-01
9.460000000000007e-01	9.460558e-01
9.470000000000007e-01	9.470559e-01
9.480000000000007e-01	9.480561e-01
9.490000000000007e-01	9.490562e-01
9.500000000000007e-01	9.500564e-01
9.510000000000007e-01	9.510565e-01
9.520000000000007e-01	9.520566e-01
9.530000000000007e-01	9.530568e-01
9.540000000000007e-01	9.540570e-01
9.550000000000007e-01	9.550571e-01
9.560000000000007e-01	9.560573e-01
9.570000000000007e-01	9.570575e-01
9.580000000000007e-01	9.580576e-01
9.590000000000007e-01	9.590578e-01
9.600000000000007e-01	9.600580e-01
9.610000000000007e-01	9.610582e-01
9.620000000000007e-01	9.620584e-01
9.630000000000007e-01	9.630586e-01
9.640000000000007e-01	9.640588e-01
9.650000000000007e-01	9.650590e-01
9.660000000000007e-01	9.660593e-01
9.670000000000007e-01	9.670595e-01
9.680000000000007e-01	9.680598e-01
9.690000000000007e-01	9.690600e-01
9.700000000000008e-01	9.700602e-01
9.710000000000008e-01	9.710605e-01
9.720000000000008e-01	9.720608e-01
9.730000000000008e-01	9.730611e-01
9.740000000000008e-01	9.740614e-01
9.750000000000008e-01	9.750617e-01
9.760000000000008e-01	9.760619e-01
9.770000000000008e-01	9.770623e-01
9.780000000000008e-01	9.780626e-01
9.790000000000008e-01	9.790629e-01
9.800000000000008e-01	9.800633e-01
9.810000000000008e-01	9.810636e-01
9.820000000000008e-01	9.820639e-01
9.830000000000008e-01	9.830643e-01
9.840000000000008e-01	9.840647e-01
9.850000000000008e-01	9.850651e-01
9.860000000000008e-01	9.860655e-01
9.870000000000008e-01	9.870659e-01
9.880000000000008e-01	9.880663e-01
9.890000000000008e-01	9.890668e-01
9.900000000000008e-01	9.900672e-01
9.910000000000008e-01	9.910676e-01
9.920000000000008e-01	9.920681e-01
9.930000000000008e-01	9.930686e-01
9.940000000000008e-01	9.940691e-01
9.950000000000008e-01	9.950696e-01
9.960000000000008e-01	9.960701e-01
9.970000000000008e-01	9.970707e-01
9.980000000000008e-01	9.980713e-01
9.990000000000008e-01	9.990718e-01
1.000000000000001e+00	1.000072e+00
1.001000000000001e+00	1.001073e+00
1.002000000000000e+00	1.002074e+00
1.003000000000000e+00	1.003074e+00
1.004000000000000e+00	1.004075e+00
1.005000000000000e+00	1.005076e+00
1.006000000000000e+00	1.006076e+00
1.007000000000000e+00	1.007077e+00
1.008000000000000e+00	1.008078e+00
1.009000000000000e+00	1.009078e+00
1.010000000000000e+00	1.010079e+00
1.010999999999999e+00	1.011080e+00
1.011999999999999e+00	1.012081e+00
1.012999999999999e+00	1.013081e+00
1.013999999999999e+00	1.014082e+00
1.014999999999999e+00	1.015083e+00
1.015999999999999e+00	1.016084e+00
1.016999999999999e+00	1.017085e+00
1.017999999999999e+00	1.018086e+00
1.018999999999999e+00	1.019087e+00
1.019999999999998e+00	1.020088e+00
1.020999999999998e+00	1.021089e+00
1.021999999999998e+00	1.022090e+00
1.022999999999998e+00	1.023091e+00
1.023999999999998e+00	1.024092e+00
1.024999999999998e+00	1.025093e+00
1.025999999999998e+00	1.026094e+00
1.026999999999998e+00	1.027095e+00
1.027999999999998e+00	1.028096e+00
1.028999999999997e+00	1.029097e+00
1.029999999999997e+00	1.030098e+00
1.030999999999997e+00	1.031100e+00
1.031999999999997e+00	1.032101e+00
1.032999999999997e+00	1.033102e+00
1.033999999999997e+00	1.034104e+00
1.034999999999997e+00	1.035105e+00
1.035999999999997e+00	1.036106e+00
1.036999999999997e+00	1.037108e+00
1.037999999999996e+00	1.038109e+00
1.038999999999996e+00	1.039110e+00
1.039999999999996e+00	1.040112e+00
1.040999999999996e+00	1.041113e+00
1.041999999999996e+00	1.042115e+00
1.042999999999996e+00	1.043116e+00
1.043999999999996e+00	1.044118e+00
1.044999999999996e+00	1.045120e+00
1.045999999999996e+00	1.046121e+00
1.046999999999995e+00	1.047123e+00
1.047999999999995e+00	1.048125e+00
1.048999999999995e+00	1.049126e+00
1.049999999999995e+00	1.050128e+00
1.050999999999995e+00	1.051130e+00
1.051999999999995e+00	1.052132e+00
1.052999999999995e+00	1.053133e+00
1.053999999999995e+00	1.054135e+00
1.054999999999995e+00	1.055137e+00
1.055999999999994e+00	1.056139e+00
1.056999999999994e+00	1.057141e+00
1.057999999999994e+00	1.058143e+00
1.058999999999994e+00	1.059145e+00
1.059999999999994e+00	1.060147e+00
1.060999999999994e+00	1.061149e+00
1.061999999999994e+00	1.062151e+00
1.062999999999994e+00	1.063154e+00
1.063999999999994e+00	1.064156e+00
1.064999999999994e+00	1.065158e+00
1.065999999999993e+00	1.066160e+00
1.066999999999993e+00	1.067162e+00
1.067999999999993e+00	1.068165e+00
1.068999999999993e+00	1.069167e+00
1.069999999999993e+00	1.070169e+00
1.070999999999993e+00	1.071172e+00
1.071999999999993e+00	1.072174e+00
1.072999999999993e+00	1.073177e+00
1.073999999999993e+00	1.074179e+00
1.074999999999992e+00	1.075182e+00
1.075999999999992e+00	1.076184e+00
1.076999999999992e+00	1.077187e+00
1.077999999999992e+00	1.078189e+00
1.078999999999992e+00	1.079192e+00
1.079999999999992e+00	1.080195e+00
1.080999999999992e+00	1.081198e+00
1.081999999999992e+00	1.082200e+00
1.082999999999992e+00	1.083203e+00
1.083999999999991e+00	1.084206e+00
1.084999999999991e+00	1.085209e+00
1.085999999999991e+00	1.086211e+00
1.086999999999991e+00	1.087214e+00
1.087999999999991e+00	1.088217e+00
1.088999999999991e+00	1.089220e+00
1.089999999999991e+00	1.090223e+00
1.090999999999991e+00	1.091226e+00
1.091999999999991e+00	1.092229e+00
1.092999999999990e+00	1.093232e+00
1.093999999999990e+00	1.094235e+00
1.094999999999990e+00	1.095238e+00
1.095999999999990e+00	1.096242e+00
1.096999999999990e+00	1.097245e+00
1.097999999999990e+00	1.098248e+00
1.098999999999990e+00	1.099251e+00
1.099999999999990e+00	1.100254e+00
1.100999999999990e+00	1.101258e+00
1.101999999999989e+00	1.102261e+00
1.102999999999989e+00	1.103264e+00
1.103999999999989e+00	1.104268e+00
1.104999999999989e+00	1.105271e+00
1.105999999999989e+00	1.106274e+00
1.106999999999989e+00	1.107278e+00
1.107999999999989e+00	1.108281e+00
1.108999999999989e+00	1.109285e+00
1.109999999999989e+00	1.110288e+00
1.110999999999988e+00	1.111292e+00
1.111999999999988e+00	1.112296e+00
1.112999999999988e+00	1.113299e+00
1.113999999999988e+00	1.114303e+00
1.114999999999988e+00	1.115306e+00
1.115999999999988e+00	1.116310e+00
1.116999999999988e+00	1.117314e+00
1.117999999999988e+00	1.118317e+00
1.118999999999988e+00	1.119321e+00
1.119999999999987e+00	1.120325e+00
1.120999999999987e+00	1.121329e+00
1.121999999999987e+00	1.122333e+00
1.122999999999987e+00	1.123336e+00
1.123999999999987e+00	1.124340e+00
1.124999999999987e+00	1.125344e+00
1.125999999999987e+00	1.126348e+00
1.126999999999987e+00	1.127352e+00
1.127999999999987e+00	1.128356e+00
1.128999999999986e+00	1.129360e+00
1.129999999999986e+00	1.130364e+00
1.130999999999986e+00	1.131368e+00
1.131999999999986e+00	1.132372e+00
1.132999999999986e+00	1.133376e+00
1.133999999999986e+00	1.134380e+00
1.134999999999986e+00	1.135384e+00
1.135999999999986e+00	1.136389e+00
1.136999999999986e+00	1.137393e+00
1.137999999999985e+00	1.138397e+00
1.138999999999985e+00	1.139401e+00
1.139999999999985e+00	1.140405e+00
1.140999999999985e+00	1.141410e+00
1.141999999999985e+00	1.142414e+00
1.142999999999985e+00	1.143418e+00
1.143999999999985e+00	1.144422e+00
1.144999999999985e+00	1.145427e+00
1.145999999999985e+00	1.146431e+00
1.146999999999984e+00	1.147435e+00
1.147999999999984e+00	1.148440e+00
1.148999999999984e+00	1.149444e+00
1.149999999999984e+00	1.150449e+00
1.150999999999984e+00	1.151453e+00
1.151999999999984e+00	1.152457e+00
1.152999999999984e+00	1.153462e+00
1.153999999999984e+00	1.154466e+00
1.154999999999984e+00	1.155471e+00
1.155999999999983e+00	1.156476e+00
1.156999999999983e+00	1.157480e+00
1.157999999999983e+00	1.158485e+00
1.158999999999983e+00	1.159489e+00
1.159999999999983e+00	1.160494e+00
1.160999999999983e+00	1.161498e+00
1.161999999999983e+00	1.162503e+00
1.162999999999983e+00	1.163508e+00
1.163999999999983e+00	1.164512e+00
1.164999999999982e+00	1.165517e+00
1.165999999999982e+00	1.166522e+00
1.166999999999982e+00	1.167526e+00
1.167999999999982e+00	1.168531e+00
1.168999999999982e+00	1.169536e+00
1.169999999999982e+00	1.170541e+00
1.170999999999982e+00	1.171546e+00
1.171999999999982e+00	1.172550e+00
1.172999999999982e+00	1.173555e+00
1.173999999999982e+00	1.174560e+00
1.174999999999981e+00	1.175565e+00
1.175999999999981e+00	1.176570e+00
1.176999999999981e+00	1.177575e+00
1.177999999999981e+00	1.178580e+00
1.178999999999981e+00	1.179585e+00
1.179999999999981e+00	1.180589e+00
1.180999999999981e+00	1.181594e+00
1.181999999999981e+00	1.182599e+00
1.182999999999981e+00	1.183604e+00
1.183999999999980e+00	1.184609e+00
1.184999999999980e+00	1.185614e+00
1.185999999999980e+00	1.186619e+00
1.186999999999980e+00	1.187624e+00
1.187999999999980e+00	1.188630e+00
1.188999999999980e+00	1.189635e+00
1.189999999999980e+00	1.190640e+00
1.190999999999980e+00	1.191645e+00
1.191999999999980e+00	1.192650e+00
1.192999999999979e+00	1.193655e+00
1.193999999999979e+00	1.194660e+00
1.194999999999979e+00	1.195665e+00
1.195999999999979e+00	1.196671e+00
1.196999999999979e+00	1.197676e+00
1.197999999999979e+00	1.198681e+00
1.198999999999979e+00	1.199686e+00
1.199999999999979e+00	1.200691e+00
1.200999999999979e+00	1.201697e+00
1.201999999999978e+00	1.202702e+00
1.202999999999978e+00	1.203707e+00
1.203999999999978e+00	1.204713e+00
1.204999999999978e+00	1.205718e+00
1.205999999999978e+00	1.206723e+00
1.206999999999978e+00	1.207729e+00
1.207999999999978e+00	1.208734e+00
1.208999999999978e+00	1.209739e+00
1.209999999999978e+00	1.210745e+00
1.210999999999977e+00	1.211750e+00
1.211999999999977e+00	1.212755e+00
1.212999999999977e+00	1.213761e+00
1.213999999999977e+00	1.214766e+00
1.214999999999977e+00	1.215772e+00
1.215999999999977e+00	1.216777e+00
1.216999999999977e+00	1.217782e+00
1.217999999999977e+00	1.218788e+00
1.218999999999977e+00	1.219793e+00
1.219999999999976e+00	1.220799e+00
1.220999999999976e+00	1.221804e+00
1.221999999999976e+00	1.222810e+00
1.222999999999976e+00	1.223816e+00
1.223999999999976e+00	1.224821e+00
1.224999999999976e+00	1.225827e+00
1.225999999999976e+00	1.226832e+00
1.226999999999976e+00	1.227838e+00
1.227999999999976e+00	1.228844e+00
1.228999999999975e+00	1.229849e+00
1.229999999999975e+00	1.230855e+00
1.230999999999975e+00	1.231860e+00
1.231999999999975e+00	1.232866e+00
1.232999999999975e+00	1.233872e+00
1.233999999999975e+00	1.234877e+00
1.234999999999975e+00	1.235883e+00
1.235999999999975e+00	1.236889e+00
1.236999999999975e+00	1.237895e+00
1.237999999999974e+00	1.238900e+00
1.238999999999974e+00	1.239906e+00
1.239999999999974e+00	1.240912e+00
1.240999999999974e+00	1.241918e+00
1.241999999999974e+00	1.242923e+00
1.242999999999974e+00	1.243929e+00
1.243999999999974e+00	1.244935e+00
1.244999999999974e+00	1.245941e+00
1.245999999999974e+00	1.246947e+00
1.246999999999973e+00	1.247953e+00
1.247999999999973e+00	1.248958e+00
1.248999999999973e+00	1.249964e+00
1.249999999999973e+00	1.250970e+00
1.250999999999973e+00	1.251976e+00
1.251999999999973e+00	1.252982e+00
1.252999999999973e+00	1.253988e+00
1.253999999999973e+00	1.254994e+00
1.254999999999973e+00	1.256000e+00
1.255999999999972e+00	1.257006e+00
1.256999999999972e+00	1.258012e+00
1.257999999999972e+00	1.259018e+00
1.258999999999972e+00	1.260024e+00
1.259999999999972e+00	1.261030e+00
1.260999999999972e+00	1.262036e+00
1.261999999999972e+00	1.263042e+00
1.262999999999972e+00	1.264048e+00
1.263999999999972e+00	1.265054e+00
1.264999999999971e+00	1.266060e+00
1.265999999999971e+00	1.267067e+00
1.266999999999971e+00	1.268073e+00
1.267999999999971e+00	1.269079e+00
1.268999999999971e+00	1.270085e+00
1.269999999999971e+00	1.271091e+00
1.270999999999971e+00	1.272097e+00
1.271999999999971e+00	1.273104e+00
1.272999999999971e+00	1.274110e+00
1.273999999999970e+00	1.275116e+00
1.274999999999970e+00	1.276122e+00
1.275999999999970e+00	1.277129e+00
1.276999999999970e+00	1.278135e+00
1.277999999999970e+00	1.279141e+00
1.278999999999970e+00	1.280148e+00
1.279999999999970e+00	1.281154e+00
1.280999999999970e+00	1.282160e+00
1.281999999999970e+00	1.283167e+00
1.282999999999969e+00	1.284173e+00
1.283999999999969e+00	1.285179e+00
1.284999999999969e+00	1.286186e+00
1.285999999999969e+00	1.287192e+00
1.286999999999969e+00	1.288199e+00
1.287999999999969e+00	1.289205e+00
1.288999999999969e+00	1.290212e+00
1.289999999999969e+00	1.291218e+00
1.290999999999969e+00	1.292225e+00
1.291999999999969e+00	1.293231e+00
1.292999999999968e+00	1.294238e+00
1.293999999999968e+00	1.295244e+00
1.294999999999968e+00	1.296251e+00
1.295999999999968e+00	1.297258e+00
1.296999999999968e+00	1.298264e+00
1.297999999999968e+00	1.299271e+00
1.298999999999968e+00	1.300278e+00
1.299999999999968e+00	1.301284e+00
1.300999999999968e+00	1.302291e+00
1.301999999999967e+00	1.303298e+00
1.302999999999967e+00	1.304304e+00
1.303999999999967e+00	1.305311e+00
1.304999999999967e+00	1.306318e+00
1.305999999999967e+00	1.307325e+00
1.306999999999967e+00	1.308331e+00
1.307999999999967e+00	1.309338e+00
1.308999999999967e+00	1.310345e+00
1.309999999999967e+00	1.311352e+00
1.310999999999966e+00	1.312359e+00
1.311999999999966e+00	1.313366e+00
1.312999999999966e+00	1.314373e+00
1.313999999999966e+00	1.315380e+00
1.314999999999966e+00	1.316387e+00
1.315999999999966e+00	1.317394e+00
1.316999999999966e+00	1.318401e+00
1.317999999999966e+00	1.319408e+00
1.318999999999966e+00	1.320415e+00
1.319999999999965e+00	1.321422e+00
1.320999999999965e+00	1.322429e+00
1.321999999999965e+00	1.323436e+00
1.322999999999965e+00	1.324443e+00
1.323999999999965e+00	1.325451e+00
1.324999999999965e+00	1.326458e+00
1.325999999999965e+00	1.327465e+00
1.326999999999965e+00	1.328472e+00
1.327999999999965e+00	1.329480e+00
1.328999999999964e+00	1.330487e+00
1.329999999999964e+00	1.331494e+00
1.330999999999964e+00	1.332502e+00
1.331999999999964e+00	1.333509e+00
1.332999999999964e+00	1.334516e+00
1.333999999999964e+00	1.335524e+00
1.334999999999964e+00	1.336531e+00
1.335999999999964e+00	1.337539e+00
1.336999999999964e+00	1.338546e+00
1.337999999999963e+00	1.339554e+00
1.338999999999963e+00	1.340561e+00
1.339999999999963e+00	1.341569e+00
1.340999999999963e+00	1.342576e+00
1.341999999999963e+00	1.343584e+00
1.342999999999963e+00	1.344591e+00
1.343999999999963e+00	1.345599e+00
1.344999999999963e+00	1.346607e+00
1.345999999999963e+00	1.347615e+00
1.346999999999962e+00	1.348622e+00
1.347999999999962e+00	1.349630e+00
1.348999999999962e+00	1.350638e+00
1.349999999999962e+00	1.351646e+00
1.350999999999962e+00	1.352654e+00
1.351999999999962e+00	1.353661e+00
1.352999999999962e+00	1.354669e+00
1.353999999999962e+00	1.355677e+00
1.354999999999962e+00	1.356685e+00
1.355999999999961e+00	1.357693e+00
1.356999999999961e+00	1.358701e+00
1.357999999999961e+00	1.359709e+00
1.358999999999961e+00	1.360717e+00
1.359999999999961e+00	1.361726e+00
1.360999999999961e+00	1.362734e+00
1.361999999999961e+00	1.363742e+00
1.362999999999961e+00	1.364750e+00
1.363999999999961e+00	1.365758e+00
1.364999999999960e+00	1.366767e+00
1.365999999999960e+00	1.367775e+00
1.366999999999960e+00	1.368783e+00
1.367999999999960e+00	1.369791e+00
1.368999999999960e+00	1.370800e+00
1.369999999999960e+00	1.371808e+00
1.370999999999960e+00	1.372817e+00
1.371999999999960e+00	1.373825e+00
1.372999999999960e+00	1.374834e+00
1.373999999999959e+00	1.375842e+00
1.374999999999959e+00	1.376851e+00
1.375999999999959e+00	1.377859e+00
1.376999999999959e+00	1.378868e+00
1.377999999999959e+00	1.379876e+00
1.378999999999959e+00	1.380885e+00
1.379999999999959e+00	1.381894e+00
1.380999999999959e+00	1.382903e+00
1.381999999999959e+00	1.383911e+00
1.382999999999958e+00	1.384920e+00
1.383999999999958e+00	1.385929e+00
1.384999999999958e+00	1.386938e+00
1.385999999999958e+00	1.387946e+00
1.386999999999958e+00	1.388955e+00
1.387999999999958e+00	1.389964e+00
1.388999999999958e+00	1.390973e+00
1.389999999999958e+00	1.391982e+00
1.390999999999958e+00	1.392991e+00
1.391999999999957e+00	1.394000e+00
1.392999999999957e+00	1.395009e+00
1.393999999999957e+00	1.396018e+00
1.394999999999957e+00	1.397027e+00
1.395999999999957e+00	1.398037e+00
1.396999999999957e+00	1.399046e+00
1.397999999999957e+00	1.400055e+00
1.398999999999957e+00	1.401064e+00
1.399999999999957e+00	1.402074e+00
1.400999999999957e+00	1.403083e+00
1.401999999999956e+00	1.404092e+00
1.402999999999956e+00	1.405101e+00
1.403999999999956e+00	1.406111e+00
1.404999999999956e+00	1.407120e+00
1.405999999999956e+00	1.408129e+00
1.406999999999956e+00	1.409139e+00
1.407999999999956e+00	1.410148e+00
1.408999999999956e+00	1.411158e+00
1.409999999999956e+00	1.412167e+00
1.410999999999955e+00	1.413177e+00
1.411999999999955e+00	1.414186e+00
1.412999999999955e+00	1.415196e+00
1.413999999999955e+00	1.416205e+00
1.414999999999955e+00	1.417215e+00
1.415999999999955e+00	1.418225e+00
1.416999999999955e+00	1.419234e+00
1.417999999999955e+00	1.420244e+00
1.418999999999955e+00	1.421254e+00
1.419999999999954e+00	1.422263e+00
1.420999999999954e+00	1.423273e+00
1.421999999999954e+00	1.424283e+00
1.422999999999954e+00	1.425292e+00
1.423999999999954e+00	1.426302e+00
1.424999999999954e+00	1.427312e+00
1.425999999999954e+00	1.428322e+00
1.426999999999954e+00	1.429332e+00
1.427999999999954e+00	1.430341e+00
1.428999999999953e+00	1.431351e+00
1.429999999999953e+00	1.432361e+00
1.430999999999953e+00	1.433371e+00
1.431999999999953e+00	1.434381e+00
1.432999999999953e+00	1.435391e+00
1.433999999999953e+00	1.436401e+00
1.434999999999953e+00	1.437411e+00
1.435999999999953e+00	1.438421e+00
1.436999999999953e+00	1.439430e+00
1.437999999999952e+00	1.440440e+00
1.438999999999952e+00	1.441450e+00
1.439999999999952e+00	1.442460e+00
1.440999999999952e+00	1.443470e+00
1.441999999999952e+00	1.444480e+00
1.442999999999952e+00	1.445490e+00
1.443999999999952e+00	1.446500e+00
1.444999999999952e+00	1.447510e+00
1.445999999999952e+00	1.448520e+00
1.446999999999951e+00	1.449530e+00
1.447999999999951e+00	1.450540e+00
1.448999999999951e+00	1.451550e+00
1.449999999999951e+00	1.452560e+00
1.450999999999951e+00	1.453570e+00
1.451999999999951e+00	1.454580e+00
1.452999999999951e+00	1.455590e+00
1.453999999999951e+00	1.456600e+00
1.454999999999951e+00	1.457610e+00
1.455999999999950e+00	1.458621e+00
1.456999999999950e+00	1.459631e+00
1.457999999999950e+00	1.460641e+00
1.458999999999950e+00	1.461651e+00
1.459999999999950e+00	1.462661e+00
1.460999999999950e+00	1.463671e+00
1.461999999999950e+00	1.464681e+00
1.462999999999950e+00	1.465691e+00
1.463999999999950e+00	1.466701e+00
1.464999999999949e+00	1.467711e+00
1.465999999999949e+00	1.468721e+00
1.466999999999949e+00	1.469731e+00
1.467999999999949e+00	1.470741e+00
1.468999999999949e+00	1.471751e+00
1.469999999999949e+00	1.472761e+00
1.470999999999949e+00	1.473771e+00
1.471999999999949e+00	1.474781e+00
1.472999999999949e+00	1.475791e+00
1.473999999999948e+00	1.476801e+00
1.474999999999948e+00	1.477811e+00
1.475999999999948e+00	1.478821e+00
1.476999999999948e+00	1.479831e+00
1.477999999999948e+00	1.480841e+00
1.478999999999948e+00	1.481851e+00
1.479999999999948e+00	1.482861e+00
1.480999999999948e+00	1.483871e+00
1.481999999999948e+00	1.484881e+00
1.482999999999947e+00	1.485891e+00
1.483999999999947e+00	1.486901e+00
1.484999999999947e+00	1.487911e+00
1.485999999999947e+00	1.488921e+00
1.486999999999947e+00	1.489931e+00
1.487999999999947e+00	1.490940e+00
1.488999999999947e+00	1.491950e+00
1.489999999999947e+00	1.492960e+00
1.490999999999947e+00	1.493970e+00
1.491999999999946e+00	1.494980e+00
1.492999999999946e+00	1.495990e+00
1.493999999999946e+00	1.497000e+00
1.494999999999946e+00	1.498010e+00
1.495999999999946e+00	1.499020e+00
1.496999999999946e+00	1.500029e+00
1.497999999999946e+00	1.501039e+00
1.498999999999946e+00	1.502049e+00
1.499999999999946e+00	1.503059e+00
1.500999999999945e+00	1.504069e+00
1.501999999999945e+00	1.505079e+00
1.502999999999945e+00	1.506088e+00
1.503999999999945e+00	1.507098e+00
1.504999999999945e+00	1.508108e+00
1.505999999999945e+00	1.509118e+00
1.506999999999945e+00	1.510128e+00
1.507999999999945e+00	1.511137e+00
1.508999999999945e+00	1.512147e+00
1.509999999999944e+00	1.513157e+00
1.510999999999944e+00	1.514167e+00
1.511999999999944e+00	1.515176e+00
1.512999999999944e+00	1.516186e+00
1.513999999999944e+00	1.517196e+00
1.514999999999944e+00	1.518206e+00
1.515999999999944e+00	1.519215e+00
1.516999999999944e+00	1.520225e+00
1.517999999999944e+00	1.521235e+00
1.518999999999944e+00	1.522245e+00
1.519999999999943e+00	1.523254e+00
1.520999999999943e+00	1.524264e+00
1.521999999999943e+00	1.525274e+00
1.522999999999943e+00	1.526283e+00
1.523999999999943e+00	1.527293e+00
1.524999999999943e+00	1.528303e+00
1.525999999999943e+00	1.529312e+00
1.526999999999943e+00	1.530322e+00
1.527999999999943e+00	1.531332e+00
1.528999999999942e+00	1.532341e+00
1.529999999999942e+00	1.533351e+00
1.530999999999942e+00	1.534361e+00
1.531999999999942e+00	1.535371e+00
1.532999999999942e+00	1.536380e+00
1.533999999999942e+00	1.537390e+00
1.534999999999942e+00	1.538400e+00
1.535999999999942e+00	1.539409e+00
1.536999999999942e+00	1.540419e+00
1.537999999999941e+00	1.541429e+00
1.538999999999941e+00	1.542438e+00
1.539999999999941e+00	1.543448e+00
1.540999999999941e+00	1.544458e+00
1.541999999999941e+00	1.545467e+00
1.542999999999941e+00	1.546477e+00
1.543999999999941e+00	1.547487e+00
1.544999999999941e+00	1.548496e+00
1.545999999999941e+00	1.549506e+00
1.546999999999940e+00	1.550516e+00
1.547999999999940e+00	1.551525e+00
1.548999999999940e+00	1.552535e+00
1.549999999999940e+00	1.553545e+00
1.550999999999940e+00	1.554554e+00
1.551999999999940e+00	1.555564e+00
1.552999999999940e+00	1.556574e+00
1.553999999999940e+00	1.557583e+00
1.554999999999940e+00	1.558593e+00
1.555999999999939e+00	1.559603e+00
1.556999999999939e+00	1.560612e+00
1.557999999999939e+00	1.561622e+00
1.558999999999939e+00	1.562632e+00
1.559999999999939e+00	1.563642e+00
1.560999999999939e+00	1.564651e+00
1.561999999999939e+00	1.565661e+00
1.562999999999939e+00	1.566671e+00
1.563999999999939e+00	1.567680e+00
1.564999999999938e+00	1.568690e+00
1.565999999999938e+00	1.569700e+00
1.566999999999938e+00	1.570710e+00
1.567999999999938e+00	1.571719e+00
1.568999999999938e+00	1.572729e+00
1.569999999999938e+00	1.573739e+00
1.570999999999938e+00	1.574749e+00
1.571999999999938e+00	1.575758e+00
1.572999999999938e+00	1.576768e+00
1.573999999999937e+00	1.577778e+00
1.574999999999937e+00	1.578788e+00
1.575999999999937e+00	1.579797e+00
1.576999999999937e+00	1.580807e+00
1.577999999999937e+00	1.581817e+00
1.578999999999937e+00	1.582827e+00
1.579999999999937e+00	1.583837e+00
1.580999999999937e+00	1.584846e+00
1.581999999999937e+00	1.585856e+00
1.582999999999936e+00	1.586866e+00
1.583999999999936e+00	1.587876e+00
1.584999999999936e+00	1.588886e+00
1.585999999999936e+00	1.589896e+00
1.586999999999936e+00	1.590906e+00
1.587999999999936e+00	1.591915e+00
1.588999999999936e+00	1.592925e+00
1.589999999999936e+00	1.593935e+00
1.590999999999936e+00	1.594945e+00
1.591999999999935e+00	1.595955e+00
1.592999999999935e+00	1.596965e+00
1.593999999999935e+00	1.597975e+00
1.594999999999935e+00	1.598985e+00
1.595999999999935e+00	1.599995e+00
1.596999999999935e+00	1.601005e+00
1.597999999999935e+00	1.602015e+00
1.598999999999935e+00	1.603025e+00
1.599999999999935e+00	1.604035e+00
1.600999999999934e+00	1.605045e+00
1.601999999999934e+00	1.606055e+00
1.602999999999934e+00	1.607065e+00
1.603999999999934e+00	1.608075e+00
1.604999999999934e+00	1.609085e+00
1.605999999999934e+00	1.610095e+00
1.606999999999934e+00	1.611105e+00
1.607999999999934e+00	1.612115e+00
1.608999999999934e+00	1.613125e+00
1.609999999999933e+00	1.614135e+00
1.610999999999933e+00	1.615145e+00
1.611999999999933e+00	1.616155e+00
1.612999999999933e+00	1.617165e+00
1.613999999999933e+00	1.618176e+00
1.614999999999933e+00	1.619186e+00
1.615999999999933e+00	1.620196e+00
1.616999999999933e+00	1.621206e+00
1.617999999999933e+00	1.622216e+00
1.618999999999932e+00	1.623226e+00
1.619999999999932e+00	1.624237e+00
1.620999999999932e+00	1.625247e+00
1.621999999999932e+00	1.626257e+00
1.622999999999932e+00	1.627267e+00
1.623999999999932e+00	1.628278e+00
1.624999999999932e+00	1.629288e+00
1.625999999999932e+00	1.630298e+00
1.626999999999932e+00	1.631309e+00
1.627999999999932e+00	1.632319e+00
1.628999999999931e+00	1.633329e+00
1.629999999999931e+00	1.634340e+00
1.630999999999931e+00	1.635350e+00
1.631999999999931e+00	1.636360e+00
1.632999999999931e+00	1.637371e+00
1.633999999999931e+00	1.638381e+00
1.634999999999931e+00	1.639392e+00
1.635999999999931e+00	1.640402e+00
1.636999999999931e+00	1.641412e+00
1.637999999999930e+00	1.642423e+00
1.638999999999930e+00	1.643434e+00
1.639999999999930e+00	1.644444e+00
1.640999999999930e+00	1.645455e+00
1.641999999999930e+00	1.646465e+00
1.642999999999930e+00	1.647476e+00
1.643999999999930e+00	1.648486e+00
1.644999999999930e+00	1.649497e+00
1.645999999999930e+00	1.650508e+00
1.646999999999929e+00	1.651519e+00
1.647999999999929e+00	1.652529e+00
1.648999999999929e+00	1.653540e+00
1.649999999999929e+00	1.654551e+00
1.650999999999929e+00	1.655562e+00
1.651999999999929e+00	1.656573e+00
1.652999999999929e+00	1.657583e+00
1.653999999999929e+00	1.658594e+00
1.654999999999929e+00	1.659606e+00
1.655999999999928e+00	1.660617e+00
1.656999999999928e+00	1.661628e+00
1.657999999999928e+00	1.662639e+00
1.658999999999928e+00	1.663650e+00
1.659999999999928e+00	1.664661e+00
1.660999999999928e+00	1.665672e+00
1.661999999999928e+00	1.666684e+00
1.662999999999928e+00	1.667695e+00
1.663999999999928e+00	1.668706e+00
1.664999999999927e+00	1.669718e+00
1.665999999999927e+00	1.670729e+00
1.666999999999927e+00	1.671741e+00
1.667999999999927e+00	1.672753e+00
1.668999999999927e+00	1.673764e+00
1.669999999999927e+00	1.674776e+00
1.670999999999927e+00	1.675788e+00
1.671999999999927e+00	1.676800e+00
1.672999999999927e+00	1.677812e+00
1.673999999999926e+00	1.678824e+00
1.674999999999926e+00	1.679836e+00
1.675999999999926e+00	1.680849e+00
1.676999999999926e+00	1.681861e+00
1.677999999999926e+00	1.682873e+00
1.678999999999926e+00	1.683886e+00
1.679999999999926e+00	1.684899e+00
1.680999999999926e+00	1.685912e+00
1.681999999999926e+00	1.686925e+00
1.682999999999925e+00	1.687938e+00
1.683999999999925e+00	1.688951e+00
1.684999999999925e+00	1.689964e+00
1.685999999999925e+00	1.690978e+00
1.686999999999925e+00	1.691991e+00
1.687999999999925e+00	1.693005e+00
1.688999999999925e+00	1.694019e+00
1.689999999999925e+00	1.695033e+00
1.690999999999925e+00	1.696047e+00
1.691999999999924e+00	1.697062e+00
1.692999999999924e+00	1.698076e+00
1.693999999999924e+00	1.699091e+00
1.694999999999924e+00	1.700106e+00
1.695999999999924e+00	1.701121e+00
1.696999999999924e+00	1.702137e+00
1.697999999999924e+00	1.703152e+00
1.698999999999924e+00	1.704168e+00
1.699999999999924e+00	1.705184e+00
1.700999999999923e+00	1.706201e+00
1.701999999999923e+00	1.707218e+00
1.702999999999923e+00	1.708235e+00
1.703999999999923e+00	1.709252e+00
1.704999999999923e+00	1.710269e+00
1.705999999999923e+00	1.711287e+00
1.706999999999923e+00	1.712306e+00
1.707999999999923e+00	1.713324e+00
1.708999999999923e+00	1.714343e+00
1.709999999999922e+00	1.715362e+00
1.710999999999922e+00	1.716382e+00
1.711999999999922e+00	1.717402e+00
1.712999999999922e+00	1.718423e+00
1.713999999999922e+00	1.719444e+00
1.714999999999922e+00	1.720465e+00
1.715999999999922e+00	1.721487e+00
1.716999999999922e+00	1.722510e+00
1.717999999999922e+00	1.723533e+00
1.718999999999921e+00	1.724557e+00
1.719999999999921e+00	1.725581e+00
1.720999999999921e+00	1.726606e+00
1.721999999999921e+00	1.727631e+00
1.722999999999921e+00	1.728657e+00
1.723999999999921e+00	1.729684e+00
1.724999999999921e+00	1.730712e+00
1.725999999999921e+00	1.731740e+00
1.726999999999921e+00	1.732769e+00
1.727999999999920e+00	1.733800e+00
1.728999999999920e+00	1.734830e+00
1.729999999999920e+00	1.735862e+00
1.730999999999920e+00	1.736895e+00
1.731999999999920e+00	1.737929e+00
1.732999999999920e+00	1.738964e+00
1.733999999999920e+00	1.740000e+00
1.734999999999920e+00	1.741038e+00
1.735999999999920e+00	1.742077e+00
1.736999999999919e+00	1.743117e+00
1.737999999999919e+00	1.744158e+00
1.738999999999919e+00	1.745201e+00
1.739999999999919e+00	1.746245e+00
1.740999999999919e+00	1.747291e+00
1.741999999999919e+00	1.748339e+00
1.742999999999919e+00	1.749389e+00
1.743999999999919e+00	1.750440e+00
1.744999999999919e+00	1.751494e+00
1.745999999999919e+00	1.752549e+00
1.746999999999918e+00	1.753607e+00
1.747999999999918e+00	1.754668e+00
1.748999999999918e+00	1.755730e+00
1.749999999999918e+00	1.756796e+00
1.750999999999918e+00	1.757864e+00
1.751999999999918e+00	1.758935e+00
1.752999999999918e+00	1.760010e+00
1.753999999999918e+00	1.761087e+00
1.754999999999918e+00	1.762168e+00
1.755999999999917e+00	1.763253e+00
1.756999999999917e+00	1.764342e+00
1.757999999999917e+00	1.765435e+00
1.758999999999917e+00	1.766532e+00
1.759999999999917e+00	1.767634e+00
1.760999999999917e+00	1.768741e+00
1.761999999999917e+00	1.769853e+00
1.762999999999917e+00	1.770971e+00
1.763999999999917e+00	1.772094e+00
1.764999999999916e+00	1.773224e+00
1.765999999999916e+00	1.774360e+00
1.766999999999916e+00	1.775503e+00
1.767999999999916e+00	1.776653e+00
1.768999999999916e+00	1.777811e+00
1.769999999999916e+00	1.778976e+00
1.770999999999916e+00	1.780150e+00
1.771999999999916e+00	1.781333e+00
1.772999999999916e+00	1.782525e+00
1.773999999999915e+00	1.783725e+00
1.774999999999915e+00	1.784936e+00
1.775999999999915e+00	1.786155e+00
1.776999999999915e+00	1.787384e+00
1.777999999999915e+00	1.788622e+00
1.778999999999915e+00	1.789867e+00
1.779999999999915e+00	1.791119e+00
1.780999999999915e+00	1.792374e+00
1.781999999999915e+00	1.793629e+00
1.782999999999914e+00	1.794875e+00
1.783999999999914e+00	1.796098e+00
1.784999999999914e+00	1.797275e+00
1.785999999999914e+00	1.798358e+00
1.786999999999914e+00	1.799235e+00
1.787999999999914e+00	1.799771e+00
1.788999999999914e+00	1.799960e+00
1.789999999999914e+00	1.799992e+00
1.790999999999914e+00	1.799998e+00
1.791999999999913e+00	1.799999e+00
1.792999999999913e+00	1.799999e+00
1.793999999999913e+00	1.799999e+00
1.794999999999913e+00	1.799999e+00
1.795999999999913e+00	1.799999e+00
1.796999999999913e+00	1.799999e+00
1.797999999999913e+00	1.800000e+00
1.798999999999913e+00	1.800000e+00
1.800000000000000e+00	1.800000e+00
