vout	Id(M1)	Id(M2)
0.000000000000000e+00	2.459134e-05	0.000000e+00
1.000000000000000e-03	2.459116e-05	5.647921e-07
2.000000000000000e-03	2.459116e-05	1.125809e-06
3.000000000000000e-03	2.459116e-05	1.683053e-06
4.000000000000000e-03	2.459116e-05	2.236526e-06
5.000000000000000e-03	2.459116e-05	2.786228e-06
6.000000000000000e-03	2.459116e-05	3.332163e-06
7.000000000000000e-03	2.459116e-05	3.874331e-06
8.000000000000000e-03	2.459116e-05	4.412734e-06
9.000000000000001e-03	2.459116e-05	4.947373e-06
1.000000000000000e-02	2.459116e-05	5.478252e-06
1.100000000000000e-02	2.459116e-05	6.005371e-06
1.200000000000000e-02	2.459116e-05	6.528733e-06
1.300000000000000e-02	2.459116e-05	7.048338e-06
1.400000000000001e-02	2.459116e-05	7.564191e-06
1.500000000000001e-02	2.459116e-05	8.076290e-06
1.600000000000001e-02	2.459116e-05	8.584640e-06
1.700000000000001e-02	2.459116e-05	9.089243e-06
1.800000000000001e-02	2.459116e-05	9.590099e-06
1.900000000000001e-02	2.459116e-05	1.008721e-05
2.000000000000001e-02	2.459116e-05	1.058058e-05
2.100000000000001e-02	2.459116e-05	1.107021e-05
2.200000000000001e-02	2.459116e-05	1.155611e-05
2.300000000000001e-02	2.459116e-05	1.203826e-05
2.400000000000001e-02	2.459116e-05	1.251669e-05
2.500000000000002e-02	2.459116e-05	1.299139e-05
2.600000000000002e-02	2.459116e-05	1.346235e-05
2.700000000000002e-02	2.459116e-05	1.392959e-05
2.800000000000002e-02	2.459116e-05	1.439311e-05
2.900000000000002e-02	2.459116e-05	1.485291e-05
3.000000000000002e-02	2.459116e-05	1.530898e-05
3.100000000000002e-02	2.459116e-05	1.576134e-05
3.200000000000002e-02	2.459116e-05	1.620999e-05
3.300000000000002e-02	2.459116e-05	1.665493e-05
3.400000000000002e-02	2.459116e-05	1.709616e-05
3.500000000000002e-02	2.459116e-05	1.753369e-05
3.600000000000003e-02	2.459116e-05	1.796751e-05
3.700000000000003e-02	2.459116e-05	1.839764e-05
3.800000000000003e-02	2.459116e-05	1.882407e-05
3.900000000000003e-02	2.459116e-05	1.924680e-05
4.000000000000003e-02	2.459116e-05	1.966585e-05
4.100000000000003e-02	2.459116e-05	2.008121e-05
4.200000000000003e-02	2.459116e-05	2.049288e-05
4.300000000000003e-02	2.459116e-05	2.090088e-05
4.400000000000003e-02	2.459116e-05	2.130520e-05
4.500000000000003e-02	2.459116e-05	2.170585e-05
4.600000000000003e-02	2.459116e-05	2.210283e-05
4.700000000000003e-02	2.459116e-05	2.249614e-05
4.800000000000004e-02	2.459116e-05	2.288579e-05
4.900000000000004e-02	2.459116e-05	2.327178e-05
5.000000000000004e-02	2.459116e-05	2.365412e-05
5.100000000000004e-02	2.459116e-05	2.403281e-05
5.200000000000004e-02	2.459116e-05	2.440785e-05
5.300000000000004e-02	2.459116e-05	2.477926e-05
5.400000000000004e-02	2.459116e-05	2.514702e-05
5.500000000000004e-02	2.459116e-05	2.551115e-05
5.600000000000004e-02	2.459116e-05	2.587166e-05
5.700000000000004e-02	2.459116e-05	2.622854e-05
5.800000000000004e-02	2.459116e-05	2.658181e-05
5.900000000000005e-02	2.459116e-05	2.693146e-05
6.000000000000005e-02	2.459116e-05	2.727751e-05
6.100000000000005e-02	2.459116e-05	2.761995e-05
6.200000000000005e-02	2.459116e-05	2.795879e-05
6.300000000000004e-02	2.459116e-05	2.829405e-05
6.400000000000004e-02	2.459116e-05	2.862571e-05
6.500000000000004e-02	2.459116e-05	2.895380e-05
6.600000000000004e-02	2.459116e-05	2.927832e-05
6.700000000000005e-02	2.459116e-05	2.959926e-05
6.800000000000005e-02	2.459116e-05	2.991665e-05
6.900000000000005e-02	2.459116e-05	3.023048e-05
7.000000000000005e-02	2.459116e-05	3.054077e-05
7.100000000000005e-02	2.459116e-05	3.084751e-05
7.200000000000005e-02	2.459116e-05	3.115072e-05
7.300000000000005e-02	2.459116e-05	3.145040e-05
7.400000000000005e-02	2.459116e-05	3.174657e-05
7.500000000000005e-02	2.459116e-05	3.203922e-05
7.600000000000005e-02	2.459116e-05	3.232837e-05
7.700000000000005e-02	2.459116e-05	3.261404e-05
7.800000000000006e-02	2.459116e-05	3.289621e-05
7.900000000000006e-02	2.459116e-05	3.317490e-05
8.000000000000006e-02	2.459116e-05	3.345013e-05
8.100000000000006e-02	2.459116e-05	3.372190e-05
8.200000000000006e-02	2.459116e-05	3.399022e-05
8.300000000000006e-02	2.459116e-05	3.425510e-05
8.400000000000006e-02	2.459116e-05	3.451655e-05
8.500000000000006e-02	2.459116e-05	3.477458e-05
8.600000000000006e-02	2.459116e-05	3.502920e-05
8.700000000000006e-02	2.459116e-05	3.528043e-05
8.800000000000006e-02	2.459116e-05	3.552827e-05
8.900000000000007e-02	2.459116e-05	3.577273e-05
9.000000000000007e-02	2.459116e-05	3.601384e-05
9.100000000000007e-02	2.459116e-05	3.625159e-05
9.200000000000007e-02	2.459116e-05	3.648601e-05
9.300000000000007e-02	2.459116e-05	3.671710e-05
9.400000000000007e-02	2.459116e-05	3.694488e-05
9.500000000000007e-02	2.459116e-05	3.716936e-05
9.600000000000007e-02	2.459116e-05	3.739056e-05
9.700000000000007e-02	2.459116e-05	3.760849e-05
9.800000000000007e-02	2.459116e-05	3.782317e-05
9.900000000000007e-02	2.459116e-05	3.803461e-05
1.000000000000001e-01	2.459116e-05	3.824283e-05
1.010000000000001e-01	2.459116e-05	3.844784e-05
1.020000000000001e-01	2.459116e-05	3.864966e-05
1.030000000000001e-01	2.459116e-05	3.884831e-05
1.040000000000001e-01	2.459116e-05	3.904380e-05
1.050000000000001e-01	2.459116e-05	3.923615e-05
1.060000000000001e-01	2.459116e-05	3.942539e-05
1.070000000000001e-01	2.459116e-05	3.961153e-05
1.080000000000001e-01	2.459116e-05	3.979459e-05
1.090000000000001e-01	2.459116e-05	3.997458e-05
1.100000000000001e-01	2.459116e-05	4.015154e-05
1.110000000000001e-01	2.459116e-05	4.032548e-05
1.120000000000001e-01	2.459116e-05	4.049642e-05
1.130000000000001e-01	2.459116e-05	4.066438e-05
1.140000000000001e-01	2.459116e-05	4.082940e-05
1.150000000000001e-01	2.459116e-05	4.099148e-05
1.160000000000001e-01	2.459116e-05	4.115065e-05
1.170000000000001e-01	2.459116e-05	4.130694e-05
1.180000000000001e-01	2.459116e-05	4.146037e-05
1.190000000000001e-01	2.459116e-05	4.161097e-05
1.200000000000001e-01	2.459116e-05	4.175875e-05
1.210000000000001e-01	2.459116e-05	4.190376e-05
1.220000000000001e-01	2.459116e-05	4.204601e-05
1.230000000000001e-01	2.459116e-05	4.218553e-05
1.240000000000001e-01	2.459116e-05	4.232234e-05
1.250000000000001e-01	2.459116e-05	4.245649e-05
1.260000000000001e-01	2.459116e-05	4.258798e-05
1.270000000000001e-01	2.459116e-05	4.271687e-05
1.280000000000001e-01	2.459116e-05	4.284316e-05
1.290000000000001e-01	2.459116e-05	4.296690e-05
1.300000000000001e-01	2.459116e-05	4.308811e-05
1.310000000000001e-01	2.459116e-05	4.320682e-05
1.320000000000001e-01	2.459116e-05	4.332307e-05
1.330000000000001e-01	2.459116e-05	4.343688e-05
1.340000000000001e-01	2.459116e-05	4.354829e-05
1.350000000000001e-01	2.459116e-05	4.365733e-05
1.360000000000001e-01	2.459116e-05	4.376403e-05
1.370000000000001e-01	2.459116e-05	4.386843e-05
1.380000000000001e-01	2.459116e-05	4.397056e-05
1.390000000000001e-01	2.459116e-05	4.407045e-05
1.400000000000001e-01	2.459116e-05	4.416813e-05
1.410000000000001e-01	2.459116e-05	4.426364e-05
1.420000000000001e-01	2.459116e-05	4.435702e-05
1.430000000000001e-01	2.459116e-05	4.444829e-05
1.440000000000001e-01	2.459116e-05	4.453750e-05
1.450000000000001e-01	2.459116e-05	4.462467e-05
1.460000000000001e-01	2.459116e-05	4.470985e-05
1.470000000000001e-01	2.459116e-05	4.479306e-05
1.480000000000001e-01	2.459116e-05	4.487434e-05
1.490000000000001e-01	2.459116e-05	4.495374e-05
1.500000000000001e-01	2.459116e-05	4.503127e-05
1.510000000000001e-01	2.459116e-05	4.510698e-05
1.520000000000001e-01	2.459116e-05	4.518090e-05
1.530000000000001e-01	2.459116e-05	4.525306e-05
1.540000000000001e-01	2.459116e-05	4.532350e-05
1.550000000000001e-01	2.459116e-05	4.539227e-05
1.560000000000001e-01	2.459116e-05	4.545938e-05
1.570000000000001e-01	2.459116e-05	4.552487e-05
1.580000000000001e-01	2.459116e-05	4.558878e-05
1.590000000000001e-01	2.459116e-05	4.565114e-05
1.600000000000001e-01	2.459116e-05	4.571199e-05
1.610000000000001e-01	2.459116e-05	4.577136e-05
1.620000000000001e-01	2.459116e-05	4.582928e-05
1.630000000000001e-01	2.459116e-05	4.588578e-05
1.640000000000001e-01	2.459116e-05	4.594090e-05
1.650000000000001e-01	2.459116e-05	4.599467e-05
1.660000000000001e-01	2.459116e-05	4.604712e-05
1.670000000000001e-01	2.459116e-05	4.609827e-05
1.680000000000001e-01	2.459116e-05	4.614817e-05
1.690000000000001e-01	2.459116e-05	4.619684e-05
1.700000000000001e-01	2.459116e-05	4.624432e-05
1.710000000000001e-01	2.459116e-05	4.629063e-05
1.720000000000001e-01	2.459116e-05	4.633579e-05
1.730000000000001e-01	2.459116e-05	4.637985e-05
1.740000000000001e-01	2.459116e-05	4.642283e-05
1.750000000000001e-01	2.459116e-05	4.646475e-05
1.760000000000001e-01	2.459116e-05	4.650564e-05
1.770000000000001e-01	2.459116e-05	4.654553e-05
1.780000000000001e-01	2.459116e-05	4.658444e-05
1.790000000000001e-01	2.459116e-05	4.662240e-05
1.800000000000001e-01	2.459116e-05	4.665945e-05
1.810000000000001e-01	2.459116e-05	4.669559e-05
1.820000000000001e-01	2.459116e-05	4.673085e-05
1.830000000000001e-01	2.459116e-05	4.676526e-05
1.840000000000001e-01	2.459116e-05	4.679885e-05
1.850000000000001e-01	2.459116e-05	4.683162e-05
1.860000000000001e-01	2.459116e-05	4.686361e-05
1.870000000000001e-01	2.459116e-05	4.689484e-05
1.880000000000001e-01	2.459116e-05	4.692532e-05
1.890000000000001e-01	2.459116e-05	4.695509e-05
1.900000000000001e-01	2.459116e-05	4.698415e-05
1.910000000000001e-01	2.459116e-05	4.701253e-05
1.920000000000001e-01	2.459116e-05	4.704024e-05
1.930000000000001e-01	2.459116e-05	4.706731e-05
1.940000000000001e-01	2.459116e-05	4.709375e-05
1.950000000000001e-01	2.459116e-05	4.711959e-05
1.960000000000001e-01	2.459116e-05	4.714483e-05
1.970000000000001e-01	2.459116e-05	4.716949e-05
1.980000000000001e-01	2.459116e-05	4.719359e-05
1.990000000000001e-01	2.459116e-05	4.721716e-05
2.000000000000001e-01	2.459116e-05	4.724019e-05
2.010000000000002e-01	2.459116e-05	4.726271e-05
2.020000000000002e-01	2.459116e-05	4.728473e-05
2.030000000000002e-01	2.459116e-05	4.730626e-05
2.040000000000002e-01	2.459116e-05	4.732733e-05
2.050000000000002e-01	2.459116e-05	4.734793e-05
2.060000000000002e-01	2.459116e-05	4.736810e-05
2.070000000000002e-01	2.459116e-05	4.738782e-05
2.080000000000002e-01	2.459116e-05	4.740713e-05
2.090000000000002e-01	2.459116e-05	4.742603e-05
2.100000000000002e-01	2.459116e-05	4.744453e-05
2.110000000000002e-01	2.459116e-05	4.746265e-05
2.120000000000002e-01	2.459116e-05	4.748039e-05
2.130000000000002e-01	2.459116e-05	4.749777e-05
2.140000000000002e-01	2.459116e-05	4.751480e-05
2.150000000000002e-01	2.459116e-05	4.753147e-05
2.160000000000002e-01	2.459116e-05	4.754782e-05
2.170000000000002e-01	2.459116e-05	4.756384e-05
2.180000000000002e-01	2.459116e-05	4.757954e-05
2.190000000000002e-01	2.459116e-05	4.759494e-05
2.200000000000002e-01	2.459116e-05	4.761004e-05
2.210000000000002e-01	2.459116e-05	4.762484e-05
2.220000000000002e-01	2.459116e-05	4.763937e-05
2.230000000000002e-01	2.459116e-05	4.765362e-05
2.240000000000002e-01	2.459116e-05	4.766760e-05
2.250000000000002e-01	2.459116e-05	4.768132e-05
2.260000000000002e-01	2.459116e-05	4.769479e-05
2.270000000000002e-01	2.459116e-05	4.770801e-05
2.280000000000002e-01	2.459116e-05	4.772099e-05
2.290000000000002e-01	2.459116e-05	4.773374e-05
2.300000000000002e-01	2.459116e-05	4.774626e-05
2.310000000000002e-01	2.459116e-05	4.775856e-05
2.320000000000002e-01	2.459116e-05	4.777065e-05
2.330000000000002e-01	2.459116e-05	4.778253e-05
2.340000000000002e-01	2.459116e-05	4.779421e-05
2.350000000000002e-01	2.459116e-05	4.780569e-05
2.360000000000002e-01	2.459116e-05	4.781697e-05
2.370000000000002e-01	2.459116e-05	4.782807e-05
2.380000000000002e-01	2.459116e-05	4.783898e-05
2.390000000000002e-01	2.459116e-05	4.784972e-05
2.400000000000002e-01	2.459116e-05	4.786028e-05
2.410000000000002e-01	2.459116e-05	4.787067e-05
2.420000000000002e-01	2.459116e-05	4.788090e-05
2.430000000000002e-01	2.459116e-05	4.789097e-05
2.440000000000002e-01	2.459116e-05	4.790088e-05
2.450000000000002e-01	2.459116e-05	4.791064e-05
2.460000000000002e-01	2.459116e-05	4.792026e-05
2.470000000000002e-01	2.459116e-05	4.792972e-05
2.480000000000002e-01	2.459116e-05	4.793905e-05
2.490000000000002e-01	2.459116e-05	4.794824e-05
2.500000000000002e-01	2.459116e-05	4.795729e-05
2.510000000000002e-01	2.459116e-05	4.796622e-05
2.520000000000002e-01	2.459116e-05	4.797501e-05
2.530000000000002e-01	2.459116e-05	4.798369e-05
2.540000000000002e-01	2.459116e-05	4.799224e-05
2.550000000000002e-01	2.459116e-05	4.800067e-05
2.560000000000002e-01	2.459116e-05	4.800899e-05
2.570000000000002e-01	2.459116e-05	4.801719e-05
2.580000000000002e-01	2.459116e-05	4.802529e-05
2.590000000000002e-01	2.459116e-05	4.803327e-05
2.600000000000002e-01	2.459116e-05	4.804116e-05
2.610000000000002e-01	2.459116e-05	4.804894e-05
2.620000000000002e-01	2.459116e-05	4.805662e-05
2.630000000000002e-01	2.459116e-05	4.806420e-05
2.640000000000002e-01	2.459116e-05	4.807169e-05
2.650000000000002e-01	2.459116e-05	4.807908e-05
2.660000000000002e-01	2.459116e-05	4.808639e-05
2.670000000000002e-01	2.459116e-05	4.809360e-05
2.680000000000002e-01	2.459116e-05	4.810073e-05
2.690000000000002e-01	2.459116e-05	4.810778e-05
2.700000000000002e-01	2.459116e-05	4.811474e-05
2.710000000000002e-01	2.459116e-05	4.812162e-05
2.720000000000002e-01	2.459116e-05	4.812842e-05
2.730000000000002e-01	2.459116e-05	4.813514e-05
2.740000000000002e-01	2.459116e-05	4.814179e-05
2.750000000000002e-01	2.459116e-05	4.814837e-05
2.760000000000002e-01	2.459116e-05	4.815487e-05
2.770000000000002e-01	2.459116e-05	4.816130e-05
2.780000000000002e-01	2.459116e-05	4.816766e-05
2.790000000000002e-01	2.459116e-05	4.817396e-05
2.800000000000002e-01	2.459116e-05	4.818019e-05
2.810000000000002e-01	2.459116e-05	4.818635e-05
2.820000000000002e-01	2.459116e-05	4.819245e-05
2.830000000000002e-01	2.459116e-05	4.819849e-05
2.840000000000002e-01	2.459116e-05	4.820447e-05
2.850000000000002e-01	2.459116e-05	4.821039e-05
2.860000000000002e-01	2.459116e-05	4.821625e-05
2.870000000000002e-01	2.459116e-05	4.822205e-05
2.880000000000002e-01	2.459116e-05	4.822780e-05
2.890000000000002e-01	2.459116e-05	4.823349e-05
2.900000000000002e-01	2.459116e-05	4.823913e-05
2.910000000000002e-01	2.459116e-05	4.824472e-05
2.920000000000002e-01	2.459116e-05	4.825026e-05
2.930000000000002e-01	2.459116e-05	4.825575e-05
2.940000000000002e-01	2.459116e-05	4.826118e-05
2.950000000000002e-01	2.459116e-05	4.826657e-05
2.960000000000002e-01	2.459116e-05	4.827192e-05
2.970000000000002e-01	2.459116e-05	4.827721e-05
2.980000000000002e-01	2.459116e-05	4.828246e-05
2.990000000000002e-01	2.459116e-05	4.828767e-05
3.000000000000002e-01	2.459116e-05	4.829283e-05
3.010000000000002e-01	2.459116e-05	4.829795e-05
3.020000000000002e-01	2.459116e-05	4.830303e-05
3.030000000000002e-01	2.459116e-05	4.830807e-05
3.040000000000002e-01	2.459116e-05	4.831306e-05
3.050000000000002e-01	2.459116e-05	4.831802e-05
3.060000000000002e-01	2.459116e-05	4.832294e-05
3.070000000000002e-01	2.459116e-05	4.832782e-05
3.080000000000002e-01	2.459116e-05	4.833266e-05
3.090000000000002e-01	2.459116e-05	4.833747e-05
3.100000000000002e-01	2.459116e-05	4.834224e-05
3.110000000000002e-01	2.459116e-05	4.834698e-05
3.120000000000002e-01	2.459116e-05	4.835168e-05
3.130000000000002e-01	2.459116e-05	4.835635e-05
3.140000000000002e-01	2.459116e-05	4.836098e-05
3.150000000000002e-01	2.459116e-05	4.836558e-05
3.160000000000002e-01	2.459116e-05	4.837015e-05
3.170000000000002e-01	2.459116e-05	4.837469e-05
3.180000000000002e-01	2.459116e-05	4.837920e-05
3.190000000000002e-01	2.459116e-05	4.838367e-05
3.200000000000002e-01	2.459116e-05	4.838812e-05
3.210000000000002e-01	2.459116e-05	4.839254e-05
3.220000000000002e-01	2.459116e-05	4.839692e-05
3.230000000000002e-01	2.459116e-05	4.840129e-05
3.240000000000002e-01	2.459116e-05	4.840562e-05
3.250000000000002e-01	2.459116e-05	4.840992e-05
3.260000000000002e-01	2.459116e-05	4.841420e-05
3.270000000000002e-01	2.459116e-05	4.841845e-05
3.280000000000002e-01	2.459116e-05	4.842268e-05
3.290000000000002e-01	2.459116e-05	4.842688e-05
3.300000000000002e-01	2.459116e-05	4.843106e-05
3.310000000000002e-01	2.459116e-05	4.843521e-05
3.320000000000002e-01	2.459116e-05	4.843934e-05
3.330000000000002e-01	2.459116e-05	4.844344e-05
3.340000000000002e-01	2.459116e-05	4.844752e-05
3.350000000000002e-01	2.459116e-05	4.845158e-05
3.360000000000002e-01	2.459116e-05	4.845561e-05
3.370000000000002e-01	2.459116e-05	4.845963e-05
3.380000000000002e-01	2.459116e-05	4.846362e-05
3.390000000000002e-01	2.459116e-05	4.846759e-05
3.400000000000002e-01	2.459116e-05	4.847153e-05
3.410000000000002e-01	2.459116e-05	4.847546e-05
3.420000000000002e-01	2.459116e-05	4.847937e-05
3.430000000000002e-01	2.459116e-05	4.848326e-05
3.440000000000003e-01	2.459116e-05	4.848713e-05
3.450000000000003e-01	2.459116e-05	4.849098e-05
3.460000000000003e-01	2.459116e-05	4.849480e-05
3.470000000000003e-01	2.459116e-05	4.849861e-05
3.480000000000003e-01	2.459116e-05	4.850241e-05
3.490000000000003e-01	2.459116e-05	4.850618e-05
3.500000000000003e-01	2.459116e-05	4.850993e-05
3.510000000000003e-01	2.459116e-05	4.851367e-05
3.520000000000003e-01	2.459116e-05	4.851739e-05
3.530000000000003e-01	2.459116e-05	4.852109e-05
3.540000000000003e-01	2.459116e-05	4.852478e-05
3.550000000000003e-01	2.459116e-05	4.852845e-05
3.560000000000003e-01	2.459116e-05	4.853210e-05
3.570000000000003e-01	2.459116e-05	4.853574e-05
3.580000000000003e-01	2.459116e-05	4.853936e-05
3.590000000000003e-01	2.459116e-05	4.854297e-05
3.600000000000003e-01	2.459116e-05	4.854656e-05
3.610000000000003e-01	2.459116e-05	4.855014e-05
3.620000000000003e-01	2.459116e-05	4.855369e-05
3.630000000000003e-01	2.459116e-05	4.855724e-05
3.640000000000003e-01	2.459116e-05	4.856077e-05
3.650000000000003e-01	2.459116e-05	4.856429e-05
3.660000000000003e-01	2.459116e-05	4.856779e-05
3.670000000000003e-01	2.459116e-05	4.857128e-05
3.680000000000003e-01	2.459116e-05	4.857476e-05
3.690000000000003e-01	2.459116e-05	4.857822e-05
3.700000000000003e-01	2.459116e-05	4.858167e-05
3.710000000000003e-01	2.459116e-05	4.858511e-05
3.720000000000003e-01	2.459116e-05	4.858853e-05
3.730000000000003e-01	2.459116e-05	4.859194e-05
3.740000000000003e-01	2.459116e-05	4.859534e-05
3.750000000000003e-01	2.459116e-05	4.859872e-05
3.760000000000003e-01	2.459116e-05	4.860209e-05
3.770000000000003e-01	2.459116e-05	4.860545e-05
3.780000000000003e-01	2.459116e-05	4.860880e-05
3.790000000000003e-01	2.459116e-05	4.861214e-05
3.800000000000003e-01	2.459116e-05	4.861547e-05
3.810000000000003e-01	2.459116e-05	4.861878e-05
3.820000000000003e-01	2.459116e-05	4.862209e-05
3.830000000000003e-01	2.459116e-05	4.862538e-05
3.840000000000003e-01	2.459116e-05	4.862866e-05
3.850000000000003e-01	2.459116e-05	4.863193e-05
3.860000000000003e-01	2.459116e-05	4.863519e-05
3.870000000000003e-01	2.459116e-05	4.863844e-05
3.880000000000003e-01	2.459116e-05	4.864168e-05
3.890000000000003e-01	2.459116e-05	4.864491e-05
3.900000000000003e-01	2.459116e-05	4.864813e-05
3.910000000000003e-01	2.459116e-05	4.865134e-05
3.920000000000003e-01	2.459116e-05	4.865454e-05
3.930000000000003e-01	2.459116e-05	4.865773e-05
3.940000000000003e-01	2.459116e-05	4.866091e-05
3.950000000000003e-01	2.459116e-05	4.866408e-05
3.960000000000003e-01	2.459116e-05	4.866724e-05
3.970000000000003e-01	2.459116e-05	4.867039e-05
3.980000000000003e-01	2.459116e-05	4.867354e-05
3.990000000000003e-01	2.459116e-05	4.867667e-05
4.000000000000003e-01	2.459116e-05	4.867980e-05
4.010000000000003e-01	2.459116e-05	4.868292e-05
4.020000000000003e-01	2.459116e-05	4.868603e-05
4.030000000000003e-01	2.459116e-05	4.868913e-05
4.040000000000003e-01	2.459116e-05	4.869222e-05
4.050000000000003e-01	2.459116e-05	4.869530e-05
4.060000000000003e-01	2.459116e-05	4.869838e-05
4.070000000000003e-01	2.459116e-05	4.870145e-05
4.080000000000003e-01	2.459116e-05	4.870451e-05
4.090000000000003e-01	2.459116e-05	4.870756e-05
4.100000000000003e-01	2.459116e-05	4.871060e-05
4.110000000000003e-01	2.459116e-05	4.871364e-05
4.120000000000003e-01	2.459116e-05	4.871667e-05
4.130000000000003e-01	2.459116e-05	4.871969e-05
4.140000000000003e-01	2.459116e-05	4.872270e-05
4.150000000000003e-01	2.459116e-05	4.872571e-05
4.160000000000003e-01	2.459116e-05	4.872871e-05
4.170000000000003e-01	2.459116e-05	4.873170e-05
4.180000000000003e-01	2.459116e-05	4.873469e-05
4.190000000000003e-01	2.459116e-05	4.873766e-05
4.200000000000003e-01	2.459116e-05	4.874064e-05
4.210000000000003e-01	2.459116e-05	4.874360e-05
4.220000000000003e-01	2.459116e-05	4.874656e-05
4.230000000000003e-01	2.459116e-05	4.874951e-05
4.240000000000003e-01	2.459116e-05	4.875246e-05
4.250000000000003e-01	2.459116e-05	4.875540e-05
4.260000000000003e-01	2.459116e-05	4.875833e-05
4.270000000000003e-01	2.459116e-05	4.876125e-05
4.280000000000003e-01	2.459116e-05	4.876417e-05
4.290000000000003e-01	2.459116e-05	4.876709e-05
4.300000000000003e-01	2.459116e-05	4.876999e-05
4.310000000000003e-01	2.459116e-05	4.877289e-05
4.320000000000003e-01	2.459116e-05	4.877579e-05
4.330000000000003e-01	2.459116e-05	4.877868e-05
4.340000000000003e-01	2.459116e-05	4.878156e-05
4.350000000000003e-01	2.459116e-05	4.878444e-05
4.360000000000003e-01	2.459116e-05	4.878731e-05
4.370000000000003e-01	2.459116e-05	4.879018e-05
4.380000000000003e-01	2.459116e-05	4.879304e-05
4.390000000000003e-01	2.459116e-05	4.879590e-05
4.400000000000003e-01	2.459116e-05	4.879875e-05
4.410000000000003e-01	2.459116e-05	4.880159e-05
4.420000000000003e-01	2.459116e-05	4.880443e-05
4.430000000000003e-01	2.459116e-05	4.880727e-05
4.440000000000003e-01	2.459116e-05	4.881010e-05
4.450000000000003e-01	2.459116e-05	4.881292e-05
4.460000000000003e-01	2.459116e-05	4.881574e-05
4.470000000000003e-01	2.459116e-05	4.881855e-05
4.480000000000003e-01	2.459116e-05	4.882136e-05
4.490000000000003e-01	2.459116e-05	4.882416e-05
4.500000000000003e-01	2.459116e-05	4.882696e-05
4.510000000000003e-01	2.459116e-05	4.882976e-05
4.520000000000003e-01	2.459116e-05	4.883255e-05
4.530000000000003e-01	2.459116e-05	4.883533e-05
4.540000000000003e-01	2.459116e-05	4.883811e-05
4.550000000000003e-01	2.459116e-05	4.884089e-05
4.560000000000003e-01	2.459116e-05	4.884366e-05
4.570000000000004e-01	2.459116e-05	4.884642e-05
4.580000000000004e-01	2.459116e-05	4.884919e-05
4.590000000000004e-01	2.459116e-05	4.885194e-05
4.600000000000004e-01	2.459116e-05	4.885470e-05
4.610000000000004e-01	2.459116e-05	4.885744e-05
4.620000000000004e-01	2.459116e-05	4.886019e-05
4.630000000000004e-01	2.459116e-05	4.886293e-05
4.640000000000004e-01	2.459116e-05	4.886567e-05
4.650000000000004e-01	2.459116e-05	4.886840e-05
4.660000000000004e-01	2.459116e-05	4.887113e-05
4.670000000000004e-01	2.459116e-05	4.887385e-05
4.680000000000004e-01	2.459116e-05	4.887657e-05
4.690000000000004e-01	2.459116e-05	4.887928e-05
4.700000000000004e-01	2.459116e-05	4.888200e-05
4.710000000000004e-01	2.459116e-05	4.888470e-05
4.720000000000004e-01	2.459116e-05	4.888741e-05
4.730000000000004e-01	2.459116e-05	4.889011e-05
4.740000000000004e-01	2.459116e-05	4.889281e-05
4.750000000000004e-01	2.459116e-05	4.889550e-05
4.760000000000004e-01	2.459116e-05	4.889819e-05
4.770000000000004e-01	2.459116e-05	4.890087e-05
4.780000000000004e-01	2.459116e-05	4.890355e-05
4.790000000000004e-01	2.459116e-05	4.890623e-05
4.800000000000004e-01	2.459116e-05	4.890890e-05
4.810000000000004e-01	2.459116e-05	4.891157e-05
4.820000000000004e-01	2.459116e-05	4.891424e-05
4.830000000000004e-01	2.459116e-05	4.891691e-05
4.840000000000004e-01	2.459116e-05	4.891957e-05
4.850000000000004e-01	2.459116e-05	4.892222e-05
4.860000000000004e-01	2.459116e-05	4.892488e-05
4.870000000000004e-01	2.459116e-05	4.892753e-05
4.880000000000004e-01	2.459116e-05	4.893017e-05
4.890000000000004e-01	2.459116e-05	4.893282e-05
4.900000000000004e-01	2.459116e-05	4.893546e-05
4.910000000000004e-01	2.459116e-05	4.893809e-05
4.920000000000004e-01	2.459116e-05	4.894073e-05
4.930000000000004e-01	2.459116e-05	4.894336e-05
4.940000000000004e-01	2.459116e-05	4.894599e-05
4.950000000000004e-01	2.459116e-05	4.894862e-05
4.960000000000004e-01	2.459116e-05	4.895123e-05
4.970000000000004e-01	2.459116e-05	4.895385e-05
4.980000000000004e-01	2.459116e-05	4.895647e-05
4.990000000000004e-01	2.459116e-05	4.895908e-05
5.000000000000003e-01	2.459116e-05	4.896169e-05
5.010000000000003e-01	2.459116e-05	4.896430e-05
5.020000000000003e-01	2.459116e-05	4.896690e-05
5.030000000000003e-01	2.459116e-05	4.896950e-05
5.040000000000003e-01	2.459116e-05	4.897210e-05
5.050000000000003e-01	2.459116e-05	4.897470e-05
5.060000000000003e-01	2.459116e-05	4.897729e-05
5.070000000000003e-01	2.459116e-05	4.897988e-05
5.080000000000003e-01	2.459116e-05	4.898247e-05
5.090000000000003e-01	2.459116e-05	4.898505e-05
5.100000000000003e-01	2.459116e-05	4.898763e-05
5.110000000000003e-01	2.459116e-05	4.899021e-05
5.120000000000003e-01	2.459116e-05	4.899279e-05
5.130000000000003e-01	2.459116e-05	4.899536e-05
5.140000000000003e-01	2.459116e-05	4.899794e-05
5.150000000000003e-01	2.459116e-05	4.900050e-05
5.160000000000003e-01	2.459116e-05	4.900307e-05
5.170000000000003e-01	2.459116e-05	4.900563e-05
5.180000000000003e-01	2.459116e-05	4.900819e-05
5.190000000000003e-01	2.459116e-05	4.901075e-05
5.200000000000004e-01	2.459116e-05	4.901331e-05
5.210000000000004e-01	2.459116e-05	4.901586e-05
5.220000000000004e-01	2.459116e-05	4.901841e-05
5.230000000000004e-01	2.459116e-05	4.902096e-05
5.240000000000004e-01	2.459116e-05	4.902351e-05
5.250000000000004e-01	2.459116e-05	4.902605e-05
5.260000000000004e-01	2.459116e-05	4.902860e-05
5.270000000000004e-01	2.459116e-05	4.903114e-05
5.280000000000004e-01	2.459116e-05	4.903367e-05
5.290000000000004e-01	2.459116e-05	4.903621e-05
5.300000000000004e-01	2.459116e-05	4.903874e-05
5.310000000000004e-01	2.459116e-05	4.904127e-05
5.320000000000004e-01	2.459116e-05	4.904380e-05
5.330000000000004e-01	2.459116e-05	4.904632e-05
5.340000000000004e-01	2.459116e-05	4.904885e-05
5.350000000000004e-01	2.459116e-05	4.905137e-05
5.360000000000004e-01	2.459116e-05	4.905389e-05
5.370000000000004e-01	2.459116e-05	4.905641e-05
5.380000000000004e-01	2.459116e-05	4.905892e-05
5.390000000000004e-01	2.459116e-05	4.906144e-05
5.400000000000004e-01	2.459116e-05	4.906395e-05
5.410000000000004e-01	2.459116e-05	4.906646e-05
5.420000000000004e-01	2.459116e-05	4.906896e-05
5.430000000000004e-01	2.459116e-05	4.907147e-05
5.440000000000004e-01	2.459116e-05	4.907397e-05
5.450000000000004e-01	2.459116e-05	4.907648e-05
5.460000000000004e-01	2.459116e-05	4.907898e-05
5.470000000000004e-01	2.459116e-05	4.908147e-05
5.480000000000004e-01	2.459116e-05	4.908397e-05
5.490000000000004e-01	2.459116e-05	4.908646e-05
5.500000000000004e-01	2.459116e-05	4.908895e-05
5.510000000000004e-01	2.459116e-05	4.909144e-05
5.520000000000004e-01	2.459116e-05	4.909393e-05
5.530000000000004e-01	2.459116e-05	4.909642e-05
5.540000000000004e-01	2.459116e-05	4.909890e-05
5.550000000000004e-01	2.459116e-05	4.910138e-05
5.560000000000004e-01	2.459116e-05	4.910386e-05
5.570000000000004e-01	2.459116e-05	4.910634e-05
5.580000000000004e-01	2.459116e-05	4.910882e-05
5.590000000000004e-01	2.459116e-05	4.911129e-05
5.600000000000004e-01	2.459116e-05	4.911377e-05
5.610000000000004e-01	2.459116e-05	4.911624e-05
5.620000000000004e-01	2.459116e-05	4.911871e-05
5.630000000000004e-01	2.459116e-05	4.912118e-05
5.640000000000004e-01	2.459116e-05	4.912364e-05
5.650000000000004e-01	2.459116e-05	4.912611e-05
5.660000000000004e-01	2.459116e-05	4.912857e-05
5.670000000000004e-01	2.459116e-05	4.913103e-05
5.680000000000004e-01	2.459116e-05	4.913349e-05
5.690000000000004e-01	2.459116e-05	4.913595e-05
5.700000000000004e-01	2.459116e-05	4.913841e-05
5.710000000000004e-01	2.459116e-05	4.914086e-05
5.720000000000004e-01	2.459116e-05	4.914331e-05
5.730000000000004e-01	2.459116e-05	4.914576e-05
5.740000000000004e-01	2.459116e-05	4.914821e-05
5.750000000000004e-01	2.459116e-05	4.915066e-05
5.760000000000004e-01	2.459116e-05	4.915311e-05
5.770000000000004e-01	2.459116e-05	4.915555e-05
5.780000000000004e-01	2.459116e-05	4.915800e-05
5.790000000000004e-01	2.459116e-05	4.916044e-05
5.800000000000004e-01	2.459116e-05	4.916289e-05
5.810000000000004e-01	2.459116e-05	4.916532e-05
5.820000000000004e-01	2.459116e-05	4.916776e-05
5.830000000000004e-01	2.459116e-05	4.917020e-05
5.840000000000004e-01	2.459116e-05	4.917263e-05
5.850000000000004e-01	2.459116e-05	4.917507e-05
5.860000000000004e-01	2.459116e-05	4.917750e-05
5.870000000000004e-01	2.459116e-05	4.917993e-05
5.880000000000004e-01	2.459116e-05	4.918236e-05
5.890000000000004e-01	2.459116e-05	4.918479e-05
5.900000000000004e-01	2.459116e-05	4.918721e-05
5.910000000000004e-01	2.459116e-05	4.918964e-05
5.920000000000004e-01	2.459116e-05	4.919206e-05
5.930000000000004e-01	2.459116e-05	4.919448e-05
5.940000000000004e-01	2.459116e-05	4.919691e-05
5.950000000000004e-01	2.459116e-05	4.919933e-05
5.960000000000004e-01	2.459116e-05	4.920174e-05
5.970000000000004e-01	2.459116e-05	4.920416e-05
5.980000000000004e-01	2.459116e-05	4.920658e-05
5.990000000000004e-01	2.459116e-05	4.920899e-05
6.000000000000004e-01	2.459116e-05	4.921140e-05
6.010000000000004e-01	2.459116e-05	4.921382e-05
6.020000000000004e-01	2.459116e-05	4.921623e-05
6.030000000000004e-01	2.459116e-05	4.921864e-05
6.040000000000004e-01	2.459116e-05	4.922105e-05
6.050000000000004e-01	2.459116e-05	4.922345e-05
6.060000000000004e-01	2.459116e-05	4.922586e-05
6.070000000000004e-01	2.459116e-05	4.922826e-05
6.080000000000004e-01	2.459116e-05	4.923066e-05
6.090000000000004e-01	2.459116e-05	4.923307e-05
6.100000000000004e-01	2.459116e-05	4.923547e-05
6.110000000000004e-01	2.459116e-05	4.923787e-05
6.120000000000004e-01	2.459116e-05	4.924027e-05
6.130000000000004e-01	2.459116e-05	4.924266e-05
6.140000000000004e-01	2.459116e-05	4.924506e-05
6.150000000000004e-01	2.459116e-05	4.924745e-05
6.160000000000004e-01	2.459116e-05	4.924985e-05
6.170000000000004e-01	2.459116e-05	4.925224e-05
6.180000000000004e-01	2.459116e-05	4.925463e-05
6.190000000000004e-01	2.459116e-05	4.925702e-05
6.200000000000004e-01	2.459116e-05	4.925941e-05
6.210000000000004e-01	2.459116e-05	4.926180e-05
6.220000000000004e-01	2.459116e-05	4.926419e-05
6.230000000000004e-01	2.459116e-05	4.926657e-05
6.240000000000004e-01	2.459116e-05	4.926896e-05
6.250000000000004e-01	2.459116e-05	4.927134e-05
6.260000000000004e-01	2.459116e-05	4.927372e-05
6.270000000000004e-01	2.459116e-05	4.927611e-05
6.280000000000004e-01	2.459116e-05	4.927849e-05
6.290000000000004e-01	2.459116e-05	4.928086e-05
6.300000000000004e-01	2.459116e-05	4.928324e-05
6.310000000000004e-01	2.459116e-05	4.928562e-05
6.320000000000005e-01	2.459116e-05	4.928800e-05
6.330000000000005e-01	2.459116e-05	4.929037e-05
6.340000000000005e-01	2.459116e-05	4.929275e-05
6.350000000000005e-01	2.459116e-05	4.929512e-05
6.360000000000005e-01	2.459116e-05	4.929749e-05
6.370000000000005e-01	2.459116e-05	4.929987e-05
6.380000000000005e-01	2.459116e-05	4.930224e-05
6.390000000000005e-01	2.459116e-05	4.930461e-05
6.400000000000005e-01	2.459116e-05	4.930697e-05
6.410000000000005e-01	2.459116e-05	4.930934e-05
6.420000000000005e-01	2.459116e-05	4.931171e-05
6.430000000000005e-01	2.459116e-05	4.931407e-05
6.440000000000005e-01	2.459116e-05	4.931644e-05
6.450000000000005e-01	2.459116e-05	4.931880e-05
6.460000000000005e-01	2.459116e-05	4.932117e-05
6.470000000000005e-01	2.459116e-05	4.932353e-05
6.480000000000005e-01	2.459116e-05	4.932589e-05
6.490000000000005e-01	2.459116e-05	4.932825e-05
6.500000000000005e-01	2.459116e-05	4.933061e-05
6.510000000000005e-01	2.459116e-05	4.933296e-05
6.520000000000005e-01	2.459116e-05	4.933532e-05
6.530000000000005e-01	2.459116e-05	4.933768e-05
6.540000000000005e-01	2.459116e-05	4.934003e-05
6.550000000000005e-01	2.459116e-05	4.934239e-05
6.560000000000005e-01	2.459116e-05	4.934474e-05
6.570000000000005e-01	2.459116e-05	4.934709e-05
6.580000000000005e-01	2.459116e-05	4.934945e-05
6.590000000000005e-01	2.459116e-05	4.935180e-05
6.600000000000005e-01	2.459116e-05	4.935415e-05
6.610000000000005e-01	2.459116e-05	4.935650e-05
6.620000000000005e-01	2.459116e-05	4.935884e-05
6.630000000000005e-01	2.459116e-05	4.936120e-05
6.640000000000005e-01	2.459116e-05	4.936354e-05
6.650000000000005e-01	2.459116e-05	4.936589e-05
6.660000000000005e-01	2.459116e-05	4.936823e-05
6.670000000000005e-01	2.459116e-05	4.937058e-05
6.680000000000005e-01	2.459116e-05	4.937292e-05
6.690000000000005e-01	2.459116e-05	4.937526e-05
6.700000000000005e-01	2.459116e-05	4.937761e-05
6.710000000000005e-01	2.459116e-05	4.937995e-05
6.720000000000005e-01	2.459116e-05	4.938229e-05
6.730000000000005e-01	2.459116e-05	4.938463e-05
6.740000000000005e-01	2.459116e-05	4.938697e-05
6.750000000000005e-01	2.459116e-05	4.938931e-05
6.760000000000005e-01	2.459116e-05	4.939164e-05
6.770000000000005e-01	2.459116e-05	4.939398e-05
6.780000000000005e-01	2.459116e-05	4.939631e-05
6.790000000000005e-01	2.459116e-05	4.939865e-05
6.800000000000005e-01	2.459116e-05	4.940098e-05
6.810000000000005e-01	2.459116e-05	4.940332e-05
6.820000000000005e-01	2.459116e-05	4.940565e-05
6.830000000000005e-01	2.459116e-05	4.940798e-05
6.840000000000005e-01	2.459116e-05	4.941032e-05
6.850000000000005e-01	2.459116e-05	4.941264e-05
6.860000000000005e-01	2.459116e-05	4.941498e-05
6.870000000000005e-01	2.459116e-05	4.941730e-05
6.880000000000005e-01	2.459116e-05	4.941963e-05
6.890000000000005e-01	2.459116e-05	4.942196e-05
6.900000000000005e-01	2.459116e-05	4.942428e-05
6.910000000000005e-01	2.459116e-05	4.942661e-05
6.920000000000005e-01	2.459116e-05	4.942894e-05
6.930000000000005e-01	2.459116e-05	4.943126e-05
6.940000000000005e-01	2.459116e-05	4.943359e-05
6.950000000000005e-01	2.459116e-05	4.943591e-05
6.960000000000005e-01	2.459116e-05	4.943823e-05
6.970000000000005e-01	2.459116e-05	4.944056e-05
6.980000000000005e-01	2.459116e-05	4.944288e-05
6.990000000000005e-01	2.459116e-05	4.944520e-05
7.000000000000005e-01	2.459116e-05	4.944752e-05
7.010000000000005e-01	2.459116e-05	4.944984e-05
7.020000000000005e-01	2.459116e-05	4.945216e-05
7.030000000000005e-01	2.459116e-05	4.945448e-05
7.040000000000005e-01	2.459116e-05	4.945679e-05
7.050000000000005e-01	2.459116e-05	4.945911e-05
7.060000000000005e-01	2.459116e-05	4.946143e-05
7.070000000000005e-01	2.459116e-05	4.946374e-05
7.080000000000005e-01	2.459116e-05	4.946606e-05
7.090000000000005e-01	2.459116e-05	4.946837e-05
7.100000000000005e-01	2.459116e-05	4.947069e-05
7.110000000000005e-01	2.459116e-05	4.947300e-05
7.120000000000005e-01	2.459116e-05	4.947531e-05
7.130000000000005e-01	2.459116e-05	4.947762e-05
7.140000000000005e-01	2.459116e-05	4.947994e-05
7.150000000000005e-01	2.459116e-05	4.948225e-05
7.160000000000005e-01	2.459116e-05	4.948456e-05
7.170000000000005e-01	2.459116e-05	4.948687e-05
7.180000000000005e-01	2.459116e-05	4.948918e-05
7.190000000000005e-01	2.459116e-05	4.949149e-05
7.200000000000005e-01	2.459116e-05	4.949379e-05
7.210000000000005e-01	2.459116e-05	4.949610e-05
7.220000000000005e-01	2.459116e-05	4.949841e-05
7.230000000000005e-01	2.459116e-05	4.950071e-05
7.240000000000005e-01	2.459116e-05	4.950302e-05
7.250000000000005e-01	2.459116e-05	4.950532e-05
7.260000000000005e-01	2.459116e-05	4.950763e-05
7.270000000000005e-01	2.459116e-05	4.950993e-05
7.280000000000005e-01	2.459116e-05	4.951224e-05
7.290000000000005e-01	2.459116e-05	4.951454e-05
7.300000000000005e-01	2.459116e-05	4.951684e-05
7.310000000000005e-01	2.459116e-05	4.951914e-05
7.320000000000005e-01	2.459116e-05	4.952144e-05
7.330000000000005e-01	2.459116e-05	4.952374e-05
7.340000000000005e-01	2.459116e-05	4.952604e-05
7.350000000000005e-01	2.459116e-05	4.952834e-05
7.360000000000005e-01	2.459116e-05	4.953064e-05
7.370000000000005e-01	2.459116e-05	4.953294e-05
7.380000000000005e-01	2.459116e-05	4.953524e-05
7.390000000000005e-01	2.459116e-05	4.953754e-05
7.400000000000005e-01	2.459116e-05	4.953983e-05
7.410000000000005e-01	2.459116e-05	4.954213e-05
7.420000000000005e-01	2.459116e-05	4.954443e-05
7.430000000000005e-01	2.459116e-05	4.954672e-05
7.440000000000005e-01	2.459116e-05	4.954901e-05
7.450000000000006e-01	2.459116e-05	4.955131e-05
7.460000000000006e-01	2.459116e-05	4.955360e-05
7.470000000000006e-01	2.459116e-05	4.955590e-05
7.480000000000006e-01	2.459116e-05	4.955819e-05
7.490000000000006e-01	2.459116e-05	4.956048e-05
7.500000000000006e-01	2.459116e-05	4.956277e-05
7.510000000000006e-01	2.459116e-05	4.956506e-05
7.520000000000006e-01	2.459116e-05	4.956736e-05
7.530000000000006e-01	2.459116e-05	4.956964e-05
7.540000000000006e-01	2.459116e-05	4.957194e-05
7.550000000000006e-01	2.459116e-05	4.957422e-05
7.560000000000006e-01	2.459116e-05	4.957651e-05
7.570000000000006e-01	2.459116e-05	4.957880e-05
7.580000000000006e-01	2.459116e-05	4.958109e-05
7.590000000000006e-01	2.459116e-05	4.958338e-05
7.600000000000006e-01	2.459116e-05	4.958567e-05
7.610000000000006e-01	2.459116e-05	4.958795e-05
7.620000000000006e-01	2.459116e-05	4.959024e-05
7.630000000000006e-01	2.459116e-05	4.959252e-05
7.640000000000006e-01	2.459116e-05	4.959481e-05
7.650000000000006e-01	2.459116e-05	4.959709e-05
7.660000000000006e-01	2.459116e-05	4.959938e-05
7.670000000000006e-01	2.459116e-05	4.960166e-05
7.680000000000006e-01	2.459116e-05	4.960394e-05
7.690000000000006e-01	2.459116e-05	4.960623e-05
7.700000000000006e-01	2.459116e-05	4.960851e-05
7.710000000000006e-01	2.459116e-05	4.961079e-05
7.720000000000006e-01	2.459116e-05	4.961307e-05
7.730000000000006e-01	2.459116e-05	4.961536e-05
7.740000000000006e-01	2.459116e-05	4.961764e-05
7.750000000000006e-01	2.459116e-05	4.961992e-05
7.760000000000006e-01	2.459116e-05	4.962219e-05
7.770000000000006e-01	2.459116e-05	4.962448e-05
7.780000000000006e-01	2.459116e-05	4.962675e-05
7.790000000000006e-01	2.459116e-05	4.962903e-05
7.800000000000006e-01	2.459116e-05	4.963131e-05
7.810000000000006e-01	2.459116e-05	4.963359e-05
7.820000000000006e-01	2.459116e-05	4.963587e-05
7.830000000000006e-01	2.459116e-05	4.963814e-05
7.840000000000006e-01	2.459116e-05	4.964042e-05
7.850000000000006e-01	2.459116e-05	4.964269e-05
7.860000000000006e-01	2.459116e-05	4.964497e-05
7.870000000000006e-01	2.459116e-05	4.964725e-05
7.880000000000006e-01	2.459116e-05	4.964952e-05
7.890000000000006e-01	2.459116e-05	4.965180e-05
7.900000000000006e-01	2.459116e-05	4.965407e-05
7.910000000000006e-01	2.459116e-05	4.965634e-05
7.920000000000006e-01	2.459116e-05	4.965862e-05
7.930000000000006e-01	2.459116e-05	4.966089e-05
7.940000000000006e-01	2.459116e-05	4.966317e-05
7.950000000000006e-01	2.459116e-05	4.966544e-05
7.960000000000006e-01	2.459116e-05	4.966771e-05
7.970000000000006e-01	2.459116e-05	4.966998e-05
7.980000000000006e-01	2.459116e-05	4.967225e-05
7.990000000000006e-01	2.459116e-05	4.967452e-05
8.000000000000006e-01	2.459116e-05	4.967679e-05
8.010000000000006e-01	2.459116e-05	4.967906e-05
8.020000000000006e-01	2.459116e-05	4.968133e-05
8.030000000000006e-01	2.459116e-05	4.968360e-05
8.040000000000006e-01	2.459116e-05	4.968587e-05
8.050000000000006e-01	2.459116e-05	4.968814e-05
8.060000000000006e-01	2.459116e-05	4.969041e-05
8.070000000000006e-01	2.459116e-05	4.969268e-05
8.080000000000006e-01	2.459116e-05	4.969494e-05
8.090000000000006e-01	2.459116e-05	4.969721e-05
8.100000000000006e-01	2.459116e-05	4.969948e-05
8.110000000000006e-01	2.459116e-05	4.970174e-05
8.120000000000006e-01	2.459116e-05	4.970401e-05
8.130000000000006e-01	2.459116e-05	4.970628e-05
8.140000000000006e-01	2.459116e-05	4.970854e-05
8.150000000000006e-01	2.459116e-05	4.971080e-05
8.160000000000006e-01	2.459116e-05	4.971307e-05
8.170000000000006e-01	2.459116e-05	4.971533e-05
8.180000000000006e-01	2.459116e-05	4.971760e-05
8.190000000000006e-01	2.459116e-05	4.971986e-05
8.200000000000006e-01	2.459116e-05	4.972213e-05
8.210000000000006e-01	2.459116e-05	4.972439e-05
8.220000000000006e-01	2.459116e-05	4.972665e-05
8.230000000000006e-01	2.459116e-05	4.972891e-05
8.240000000000006e-01	2.459116e-05	4.973117e-05
8.250000000000006e-01	2.459116e-05	4.973344e-05
8.260000000000006e-01	2.459116e-05	4.973570e-05
8.270000000000006e-01	2.459116e-05	4.973796e-05
8.280000000000006e-01	2.459116e-05	4.974022e-05
8.290000000000006e-01	2.459116e-05	4.974248e-05
8.300000000000006e-01	2.459116e-05	4.974474e-05
8.310000000000006e-01	2.459116e-05	4.974700e-05
8.320000000000006e-01	2.459116e-05	4.974926e-05
8.330000000000006e-01	2.459116e-05	4.975152e-05
8.340000000000006e-01	2.459116e-05	4.975378e-05
8.350000000000006e-01	2.459116e-05	4.975604e-05
8.360000000000006e-01	2.459116e-05	4.975830e-05
8.370000000000006e-01	2.459116e-05	4.976055e-05
8.380000000000006e-01	2.459116e-05	4.976281e-05
8.390000000000006e-01	2.459116e-05	4.976507e-05
8.400000000000006e-01	2.459116e-05	4.976732e-05
8.410000000000006e-01	2.459116e-05	4.976958e-05
8.420000000000006e-01	2.459116e-05	4.977184e-05
8.430000000000006e-01	2.459116e-05	4.977409e-05
8.440000000000006e-01	2.459116e-05	4.977635e-05
8.450000000000006e-01	2.459116e-05	4.977861e-05
8.460000000000006e-01	2.459116e-05	4.978086e-05
8.470000000000006e-01	2.459116e-05	4.978312e-05
8.480000000000006e-01	2.459116e-05	4.978537e-05
8.490000000000006e-01	2.459116e-05	4.978762e-05
8.500000000000006e-01	2.459116e-05	4.978988e-05
8.510000000000006e-01	2.459116e-05	4.979213e-05
8.520000000000006e-01	2.459116e-05	4.979439e-05
8.530000000000006e-01	2.459116e-05	4.979664e-05
8.540000000000006e-01	2.459116e-05	4.979889e-05
8.550000000000006e-01	2.459116e-05	4.980115e-05
8.560000000000006e-01	2.459116e-05	4.980340e-05
8.570000000000007e-01	2.459116e-05	4.980565e-05
8.580000000000007e-01	2.459116e-05	4.980790e-05
8.590000000000007e-01	2.459116e-05	4.981015e-05
8.600000000000007e-01	2.459116e-05	4.981241e-05
8.610000000000007e-01	2.459116e-05	4.981465e-05
8.620000000000007e-01	2.459116e-05	4.981691e-05
8.630000000000007e-01	2.459116e-05	4.981916e-05
8.640000000000007e-01	2.459116e-05	4.982141e-05
8.650000000000007e-01	2.459116e-05	4.982366e-05
8.660000000000007e-01	2.459116e-05	4.982591e-05
8.670000000000007e-01	2.459116e-05	4.982816e-05
8.680000000000007e-01	2.459116e-05	4.983041e-05
8.690000000000007e-01	2.459116e-05	4.983266e-05
8.700000000000007e-01	2.459116e-05	4.983490e-05
8.710000000000007e-01	2.459116e-05	4.983715e-05
8.720000000000007e-01	2.459116e-05	4.983940e-05
8.730000000000007e-01	2.459116e-05	4.984165e-05
8.740000000000007e-01	2.459116e-05	4.984390e-05
8.750000000000007e-01	2.459116e-05	4.984614e-05
8.760000000000007e-01	2.459116e-05	4.984839e-05
8.770000000000007e-01	2.459116e-05	4.985064e-05
8.780000000000007e-01	2.459116e-05	4.985288e-05
8.790000000000007e-01	2.459116e-05	4.985513e-05
8.800000000000007e-01	2.459116e-05	4.985738e-05
8.810000000000007e-01	2.459116e-05	4.985962e-05
8.820000000000007e-01	2.459116e-05	4.986187e-05
8.830000000000007e-01	2.459116e-05	4.986411e-05
8.840000000000007e-01	2.459116e-05	4.986636e-05
8.850000000000007e-01	2.459116e-05	4.986860e-05
8.860000000000007e-01	2.459116e-05	4.987085e-05
8.870000000000007e-01	2.459116e-05	4.987309e-05
8.880000000000007e-01	2.459116e-05	4.987534e-05
8.890000000000007e-01	2.459116e-05	4.987758e-05
8.900000000000007e-01	2.459116e-05	4.987983e-05
8.910000000000007e-01	2.459116e-05	4.988207e-05
8.920000000000007e-01	2.459116e-05	4.988431e-05
8.930000000000007e-01	2.459116e-05	4.988656e-05
8.940000000000007e-01	2.459116e-05	4.988880e-05
8.950000000000007e-01	2.459116e-05	4.989104e-05
8.960000000000007e-01	2.459116e-05	4.989328e-05
8.970000000000007e-01	2.459116e-05	4.989552e-05
8.980000000000007e-01	2.459116e-05	4.989777e-05
8.990000000000007e-01	2.459116e-05	4.990001e-05
9.000000000000007e-01	2.459116e-05	4.990225e-05
9.010000000000007e-01	2.459116e-05	4.990449e-05
9.020000000000007e-01	2.459116e-05	4.990673e-05
9.030000000000007e-01	2.459116e-05	4.990897e-05
9.040000000000007e-01	2.459116e-05	4.991121e-05
9.050000000000007e-01	2.459116e-05	4.991345e-05
9.060000000000007e-01	2.459116e-05	4.991570e-05
9.070000000000007e-01	2.459116e-05	4.991793e-05
9.080000000000007e-01	2.459116e-05	4.992017e-05
9.090000000000007e-01	2.459116e-05	4.992242e-05
9.100000000000007e-01	2.459116e-05	4.992465e-05
9.110000000000007e-01	2.459116e-05	4.992689e-05
9.120000000000007e-01	2.459116e-05	4.992913e-05
9.130000000000007e-01	2.459116e-05	4.993137e-05
9.140000000000007e-01	2.459116e-05	4.993361e-05
9.150000000000007e-01	2.459116e-05	4.993585e-05
9.160000000000007e-01	2.459116e-05	4.993808e-05
9.170000000000007e-01	2.459116e-05	4.994032e-05
9.180000000000007e-01	2.459116e-05	4.994256e-05
9.190000000000007e-01	2.459116e-05	4.994480e-05
9.200000000000007e-01	2.459116e-05	4.994703e-05
9.210000000000007e-01	2.459116e-05	4.994927e-05
9.220000000000007e-01	2.459116e-05	4.995151e-05
9.230000000000007e-01	2.459116e-05	4.995375e-05
9.240000000000007e-01	2.459116e-05	4.995598e-05
9.250000000000007e-01	2.459116e-05	4.995822e-05
9.260000000000007e-01	2.459116e-05	4.996045e-05
9.270000000000007e-01	2.459116e-05	4.996269e-05
9.280000000000007e-01	2.459116e-05	4.996492e-05
9.290000000000007e-01	2.459116e-05	4.996716e-05
9.300000000000007e-01	2.459116e-05	4.996940e-05
9.310000000000007e-01	2.459116e-05	4.997163e-05
9.320000000000007e-01	2.459116e-05	4.997387e-05
9.330000000000007e-01	2.459116e-05	4.997610e-05
9.340000000000007e-01	2.459116e-05	4.997834e-05
9.350000000000007e-01	2.459116e-05	4.998057e-05
9.360000000000007e-01	2.459116e-05	4.998281e-05
9.370000000000007e-01	2.459116e-05	4.998504e-05
9.380000000000007e-01	2.459116e-05	4.998727e-05
9.390000000000007e-01	2.459116e-05	4.998951e-05
9.400000000000007e-01	2.459116e-05	4.999174e-05
9.410000000000007e-01	2.459116e-05	4.999397e-05
9.420000000000007e-01	2.459116e-05	4.999621e-05
9.430000000000007e-01	2.459116e-05	4.999844e-05
9.440000000000007e-01	2.459116e-05	5.000067e-05
9.450000000000007e-01	2.459116e-05	5.000291e-05
9.460000000000007e-01	2.459116e-05	5.000514e-05
9.470000000000007e-01	2.459116e-05	5.000737e-05
9.480000000000007e-01	2.459116e-05	5.000960e-05
9.490000000000007e-01	2.459116e-05	5.001183e-05
9.500000000000007e-01	2.459116e-05	5.001407e-05
9.510000000000007e-01	2.459116e-05	5.001630e-05
9.520000000000007e-01	2.459116e-05	5.001853e-05
9.530000000000007e-01	2.459116e-05	5.002076e-05
9.540000000000007e-01	2.459116e-05	5.002299e-05
9.550000000000007e-01	2.459116e-05	5.002522e-05
9.560000000000007e-01	2.459116e-05	5.002745e-05
9.570000000000007e-01	2.459116e-05	5.002968e-05
9.580000000000007e-01	2.459116e-05	5.003191e-05
9.590000000000007e-01	2.459116e-05	5.003414e-05
9.600000000000007e-01	2.459116e-05	5.003637e-05
9.610000000000007e-01	2.459116e-05	5.003860e-05
9.620000000000007e-01	2.459116e-05	5.004084e-05
9.630000000000007e-01	2.459116e-05	5.004306e-05
9.640000000000007e-01	2.459116e-05	5.004529e-05
9.650000000000007e-01	2.459116e-05	5.004752e-05
9.660000000000007e-01	2.459116e-05	5.004975e-05
9.670000000000007e-01	2.459116e-05	5.005198e-05
9.680000000000007e-01	2.459116e-05	5.005421e-05
9.690000000000007e-01	2.459116e-05	5.005644e-05
9.700000000000008e-01	2.459116e-05	5.005866e-05
9.710000000000008e-01	2.459116e-05	5.006089e-05
9.720000000000008e-01	2.459116e-05	5.006312e-05
9.730000000000008e-01	2.459116e-05	5.006535e-05
9.740000000000008e-01	2.459116e-05	5.006758e-05
9.750000000000008e-01	2.459116e-05	5.006980e-05
9.760000000000008e-01	2.459116e-05	5.007203e-05
9.770000000000008e-01	2.459116e-05	5.007426e-05
9.780000000000008e-01	2.459116e-05	5.007649e-05
9.790000000000008e-01	2.459116e-05	5.007871e-05
9.800000000000008e-01	2.459116e-05	5.008094e-05
9.810000000000008e-01	2.459116e-05	5.008317e-05
9.820000000000008e-01	2.459116e-05	5.008540e-05
9.830000000000008e-01	2.459116e-05	5.008762e-05
9.840000000000008e-01	2.459116e-05	5.008985e-05
9.850000000000008e-01	2.459116e-05	5.009207e-05
9.860000000000008e-01	2.459116e-05	5.009430e-05
9.870000000000008e-01	2.459116e-05	5.009653e-05
9.880000000000008e-01	2.459116e-05	5.009875e-05
9.890000000000008e-01	2.459116e-05	5.010098e-05
9.900000000000008e-01	2.459116e-05	5.010320e-05
9.910000000000008e-01	2.459116e-05	5.010543e-05
9.920000000000008e-01	2.459116e-05	5.010765e-05
9.930000000000008e-01	2.459116e-05	5.010988e-05
9.940000000000008e-01	2.459116e-05	5.011210e-05
9.950000000000008e-01	2.459116e-05	5.011433e-05
9.960000000000008e-01	2.459116e-05	5.011655e-05
9.970000000000008e-01	2.459116e-05	5.011878e-05
9.980000000000008e-01	2.459116e-05	5.012100e-05
9.990000000000008e-01	2.459116e-05	5.012322e-05
1.000000000000001e+00	2.459116e-05	5.012545e-05
1.001000000000001e+00	2.459116e-05	5.012767e-05
1.002000000000000e+00	2.459116e-05	5.012990e-05
1.003000000000000e+00	2.459116e-05	5.013212e-05
1.004000000000000e+00	2.459116e-05	5.013435e-05
1.005000000000000e+00	2.459116e-05	5.013657e-05
1.006000000000000e+00	2.459116e-05	5.013879e-05
1.007000000000000e+00	2.459116e-05	5.014101e-05
1.008000000000000e+00	2.459116e-05	5.014324e-05
1.009000000000000e+00	2.459116e-05	5.014546e-05
1.010000000000000e+00	2.459116e-05	5.014768e-05
1.010999999999999e+00	2.459116e-05	5.014991e-05
1.011999999999999e+00	2.459116e-05	5.015213e-05
1.012999999999999e+00	2.459116e-05	5.015435e-05
1.013999999999999e+00	2.459116e-05	5.015657e-05
1.014999999999999e+00	2.459116e-05	5.015880e-05
1.015999999999999e+00	2.459116e-05	5.016102e-05
1.016999999999999e+00	2.459116e-05	5.016324e-05
1.017999999999999e+00	2.459116e-05	5.016546e-05
1.018999999999999e+00	2.459116e-05	5.016768e-05
1.019999999999998e+00	2.459116e-05	5.016991e-05
1.020999999999998e+00	2.459116e-05	5.017213e-05
1.021999999999998e+00	2.459116e-05	5.017435e-05
1.022999999999998e+00	2.459116e-05	5.017657e-05
1.023999999999998e+00	2.459116e-05	5.017879e-05
1.024999999999998e+00	2.459116e-05	5.018101e-05
1.025999999999998e+00	2.459116e-05	5.018323e-05
1.026999999999998e+00	2.459116e-05	5.018545e-05
1.027999999999998e+00	2.459116e-05	5.018767e-05
1.028999999999997e+00	2.459116e-05	5.018989e-05
1.029999999999997e+00	2.459116e-05	5.019212e-05
1.030999999999997e+00	2.459116e-05	5.019434e-05
1.031999999999997e+00	2.459116e-05	5.019656e-05
1.032999999999997e+00	2.459116e-05	5.019877e-05
1.033999999999997e+00	2.459116e-05	5.020100e-05
1.034999999999997e+00	2.459116e-05	5.020322e-05
1.035999999999997e+00	2.459116e-05	5.020544e-05
1.036999999999997e+00	2.459116e-05	5.020765e-05
1.037999999999996e+00	2.459116e-05	5.020987e-05
1.038999999999996e+00	2.459116e-05	5.021209e-05
1.039999999999996e+00	2.459116e-05	5.021431e-05
1.040999999999996e+00	2.459116e-05	5.021653e-05
1.041999999999996e+00	2.459116e-05	5.021875e-05
1.042999999999996e+00	2.459116e-05	5.022097e-05
1.043999999999996e+00	2.459116e-05	5.022319e-05
1.044999999999996e+00	2.459116e-05	5.022541e-05
1.045999999999996e+00	2.459116e-05	5.022763e-05
1.046999999999995e+00	2.459116e-05	5.022985e-05
1.047999999999995e+00	2.459116e-05	5.023207e-05
1.048999999999995e+00	2.459116e-05	5.023428e-05
1.049999999999995e+00	2.459116e-05	5.023650e-05
1.050999999999995e+00	2.459116e-05	5.023872e-05
1.051999999999995e+00	2.459116e-05	5.024094e-05
1.052999999999995e+00	2.459116e-05	5.024315e-05
1.053999999999995e+00	2.459116e-05	5.024537e-05
1.054999999999995e+00	2.459116e-05	5.024759e-05
1.055999999999994e+00	2.459116e-05	5.024981e-05
1.056999999999994e+00	2.459116e-05	5.025203e-05
1.057999999999994e+00	2.459116e-05	5.025425e-05
1.058999999999994e+00	2.459116e-05	5.025646e-05
1.059999999999994e+00	2.459116e-05	5.025868e-05
1.060999999999994e+00	2.459116e-05	5.026090e-05
1.061999999999994e+00	2.459116e-05	5.026311e-05
1.062999999999994e+00	2.459116e-05	5.026533e-05
1.063999999999994e+00	2.459116e-05	5.026755e-05
1.064999999999994e+00	2.459116e-05	5.026977e-05
1.065999999999993e+00	2.459116e-05	5.027198e-05
1.066999999999993e+00	2.459116e-05	5.027420e-05
1.067999999999993e+00	2.459116e-05	5.027642e-05
1.068999999999993e+00	2.459116e-05	5.027863e-05
1.069999999999993e+00	2.459116e-05	5.028085e-05
1.070999999999993e+00	2.459116e-05	5.028306e-05
1.071999999999993e+00	2.459116e-05	5.028528e-05
1.072999999999993e+00	2.459116e-05	5.028750e-05
1.073999999999993e+00	2.459116e-05	5.028971e-05
1.074999999999992e+00	2.459116e-05	5.029193e-05
1.075999999999992e+00	2.459116e-05	5.029414e-05
1.076999999999992e+00	2.459116e-05	5.029636e-05
1.077999999999992e+00	2.459116e-05	5.029857e-05
1.078999999999992e+00	2.459116e-05	5.030079e-05
1.079999999999992e+00	2.459116e-05	5.030301e-05
1.080999999999992e+00	2.459116e-05	5.030522e-05
1.081999999999992e+00	2.459116e-05	5.030744e-05
1.082999999999992e+00	2.459116e-05	5.030965e-05
1.083999999999991e+00	2.459116e-05	5.031187e-05
1.084999999999991e+00	2.459116e-05	5.031408e-05
1.085999999999991e+00	2.459116e-05	5.031630e-05
1.086999999999991e+00	2.459116e-05	5.031851e-05
1.087999999999991e+00	2.459116e-05	5.032073e-05
1.088999999999991e+00	2.459116e-05	5.032295e-05
1.089999999999991e+00	2.459116e-05	5.032516e-05
1.090999999999991e+00	2.459116e-05	5.032737e-05
1.091999999999991e+00	2.459116e-05	5.032959e-05
1.092999999999990e+00	2.459116e-05	5.033180e-05
1.093999999999990e+00	2.459116e-05	5.033402e-05
1.094999999999990e+00	2.459116e-05	5.033623e-05
1.095999999999990e+00	2.459116e-05	5.033845e-05
1.096999999999990e+00	2.459116e-05	5.034066e-05
1.097999999999990e+00	2.459116e-05	5.034287e-05
1.098999999999990e+00	2.459116e-05	5.034509e-05
1.099999999999990e+00	2.459116e-05	5.034731e-05
1.100999999999990e+00	2.459116e-05	5.034952e-05
1.101999999999989e+00	2.459116e-05	5.035173e-05
1.102999999999989e+00	2.459116e-05	5.035394e-05
1.103999999999989e+00	2.459116e-05	5.035616e-05
1.104999999999989e+00	2.459116e-05	5.035838e-05
1.105999999999989e+00	2.459116e-05	5.036059e-05
1.106999999999989e+00	2.459116e-05	5.036280e-05
1.107999999999989e+00	2.459116e-05	5.036502e-05
1.108999999999989e+00	2.459116e-05	5.036723e-05
1.109999999999989e+00	2.459116e-05	5.036944e-05
1.110999999999988e+00	2.459116e-05	5.037165e-05
1.111999999999988e+00	2.459116e-05	5.037387e-05
1.112999999999988e+00	2.459116e-05	5.037608e-05
1.113999999999988e+00	2.459116e-05	5.037830e-05
1.114999999999988e+00	2.459116e-05	5.038051e-05
1.115999999999988e+00	2.459116e-05	5.038272e-05
1.116999999999988e+00	2.459116e-05	5.038494e-05
1.117999999999988e+00	2.459116e-05	5.038715e-05
1.118999999999988e+00	2.459116e-05	5.038936e-05
1.119999999999987e+00	2.459116e-05	5.039158e-05
1.120999999999987e+00	2.459116e-05	5.039379e-05
1.121999999999987e+00	2.459116e-05	5.039600e-05
1.122999999999987e+00	2.459116e-05	5.039822e-05
1.123999999999987e+00	2.459116e-05	5.040043e-05
1.124999999999987e+00	2.459116e-05	5.040264e-05
1.125999999999987e+00	2.459116e-05	5.040485e-05
1.126999999999987e+00	2.459116e-05	5.040707e-05
1.127999999999987e+00	2.459116e-05	5.040928e-05
1.128999999999986e+00	2.459116e-05	5.041149e-05
1.129999999999986e+00	2.459116e-05	5.041370e-05
1.130999999999986e+00	2.459116e-05	5.041591e-05
1.131999999999986e+00	2.459116e-05	5.041813e-05
1.132999999999986e+00	2.459116e-05	5.042034e-05
1.133999999999986e+00	2.459116e-05	5.042255e-05
1.134999999999986e+00	2.459116e-05	5.042477e-05
1.135999999999986e+00	2.459116e-05	5.042698e-05
1.136999999999986e+00	2.459116e-05	5.042919e-05
1.137999999999985e+00	2.459116e-05	5.043140e-05
1.138999999999985e+00	2.459116e-05	5.043361e-05
1.139999999999985e+00	2.459116e-05	5.043582e-05
1.140999999999985e+00	2.459116e-05	5.043804e-05
1.141999999999985e+00	2.459116e-05	5.044025e-05
1.142999999999985e+00	2.459116e-05	5.044246e-05
1.143999999999985e+00	2.459116e-05	5.044468e-05
1.144999999999985e+00	2.459116e-05	5.044689e-05
1.145999999999985e+00	2.459116e-05	5.044910e-05
1.146999999999984e+00	2.459116e-05	5.045131e-05
1.147999999999984e+00	2.459116e-05	5.045352e-05
1.148999999999984e+00	2.459116e-05	5.045574e-05
1.149999999999984e+00	2.459116e-05	5.045795e-05
1.150999999999984e+00	2.459116e-05	5.046016e-05
1.151999999999984e+00	2.459116e-05	5.046237e-05
1.152999999999984e+00	2.459116e-05	5.046458e-05
1.153999999999984e+00	2.459116e-05	5.046680e-05
1.154999999999984e+00	2.459116e-05	5.046901e-05
1.155999999999983e+00	2.459116e-05	5.047122e-05
1.156999999999983e+00	2.459116e-05	5.047343e-05
1.157999999999983e+00	2.459116e-05	5.047564e-05
1.158999999999983e+00	2.459116e-05	5.047785e-05
1.159999999999983e+00	2.459116e-05	5.048007e-05
1.160999999999983e+00	2.459116e-05	5.048227e-05
1.161999999999983e+00	2.459116e-05	5.048449e-05
1.162999999999983e+00	2.459116e-05	5.048670e-05
1.163999999999983e+00	2.459116e-05	5.048891e-05
1.164999999999982e+00	2.459116e-05	5.049112e-05
1.165999999999982e+00	2.459116e-05	5.049333e-05
1.166999999999982e+00	2.459116e-05	5.049555e-05
1.167999999999982e+00	2.459116e-05	5.049776e-05
1.168999999999982e+00	2.459116e-05	5.049997e-05
1.169999999999982e+00	2.459116e-05	5.050218e-05
1.170999999999982e+00	2.459116e-05	5.050439e-05
1.171999999999982e+00	2.459116e-05	5.050661e-05
1.172999999999982e+00	2.459116e-05	5.050882e-05
1.173999999999982e+00	2.459116e-05	5.051103e-05
1.174999999999981e+00	2.459116e-05	5.051324e-05
1.175999999999981e+00	2.459116e-05	5.051545e-05
1.176999999999981e+00	2.459116e-05	5.051766e-05
1.177999999999981e+00	2.459116e-05	5.051988e-05
1.178999999999981e+00	2.459116e-05	5.052209e-05
1.179999999999981e+00	2.459116e-05	5.052430e-05
1.180999999999981e+00	2.459116e-05	5.052651e-05
1.181999999999981e+00	2.459116e-05	5.052872e-05
1.182999999999981e+00	2.459116e-05	5.053093e-05
1.183999999999980e+00	2.459116e-05	5.053314e-05
1.184999999999980e+00	2.459116e-05	5.053536e-05
1.185999999999980e+00	2.459116e-05	5.053757e-05
1.186999999999980e+00	2.459116e-05	5.053978e-05
1.187999999999980e+00	2.459116e-05	5.054199e-05
1.188999999999980e+00	2.459116e-05	5.054420e-05
1.189999999999980e+00	2.459116e-05	5.054642e-05
1.190999999999980e+00	2.459116e-05	5.054863e-05
1.191999999999980e+00	2.459116e-05	5.055084e-05
1.192999999999979e+00	2.459116e-05	5.055305e-05
1.193999999999979e+00	2.459116e-05	5.055526e-05
1.194999999999979e+00	2.459116e-05	5.055748e-05
1.195999999999979e+00	2.459116e-05	5.055969e-05
1.196999999999979e+00	2.459116e-05	5.056190e-05
1.197999999999979e+00	2.459116e-05	5.056411e-05
1.198999999999979e+00	2.459116e-05	5.056633e-05
1.199999999999979e+00	2.459116e-05	5.056854e-05
1.200999999999979e+00	2.459116e-05	5.057075e-05
1.201999999999978e+00	2.459116e-05	5.057296e-05
1.202999999999978e+00	2.459116e-05	5.057517e-05
1.203999999999978e+00	2.459116e-05	5.057739e-05
1.204999999999978e+00	2.459116e-05	5.057960e-05
1.205999999999978e+00	2.459116e-05	5.058181e-05
1.206999999999978e+00	2.459116e-05	5.058403e-05
1.207999999999978e+00	2.459116e-05	5.058624e-05
1.208999999999978e+00	2.459116e-05	5.058845e-05
1.209999999999978e+00	2.459116e-05	5.059066e-05
1.210999999999977e+00	2.459116e-05	5.059288e-05
1.211999999999977e+00	2.459116e-05	5.059509e-05
1.212999999999977e+00	2.459116e-05	5.059730e-05
1.213999999999977e+00	2.459116e-05	5.059952e-05
1.214999999999977e+00	2.459116e-05	5.060173e-05
1.215999999999977e+00	2.459116e-05	5.060394e-05
1.216999999999977e+00	2.459116e-05	5.060616e-05
1.217999999999977e+00	2.459116e-05	5.060837e-05
1.218999999999977e+00	2.459116e-05	5.061058e-05
1.219999999999976e+00	2.459116e-05	5.061279e-05
1.220999999999976e+00	2.459116e-05	5.061501e-05
1.221999999999976e+00	2.459116e-05	5.061722e-05
1.222999999999976e+00	2.459116e-05	5.061943e-05
1.223999999999976e+00	2.459116e-05	5.062165e-05
1.224999999999976e+00	2.459116e-05	5.062386e-05
1.225999999999976e+00	2.459116e-05	5.062608e-05
1.226999999999976e+00	2.459116e-05	5.062829e-05
1.227999999999976e+00	2.459116e-05	5.063050e-05
1.228999999999975e+00	2.459116e-05	5.063272e-05
1.229999999999975e+00	2.459116e-05	5.063493e-05
1.230999999999975e+00	2.459116e-05	5.063715e-05
1.231999999999975e+00	2.459116e-05	5.063936e-05
1.232999999999975e+00	2.459116e-05	5.064157e-05
1.233999999999975e+00	2.459116e-05	5.064379e-05
1.234999999999975e+00	2.459116e-05	5.064601e-05
1.235999999999975e+00	2.459116e-05	5.064822e-05
1.236999999999975e+00	2.459116e-05	5.065044e-05
1.237999999999974e+00	2.459116e-05	5.065265e-05
1.238999999999974e+00	2.459116e-05	5.065486e-05
1.239999999999974e+00	2.459116e-05	5.065708e-05
1.240999999999974e+00	2.459116e-05	5.065930e-05
1.241999999999974e+00	2.459116e-05	5.066151e-05
1.242999999999974e+00	2.459116e-05	5.066373e-05
1.243999999999974e+00	2.459116e-05	5.066595e-05
1.244999999999974e+00	2.459116e-05	5.066816e-05
1.245999999999974e+00	2.459116e-05	5.067038e-05
1.246999999999973e+00	2.459116e-05	5.067259e-05
1.247999999999973e+00	2.459116e-05	5.067481e-05
1.248999999999973e+00	2.459116e-05	5.067703e-05
1.249999999999973e+00	2.459116e-05	5.067924e-05
1.250999999999973e+00	2.459116e-05	5.068146e-05
1.251999999999973e+00	2.459116e-05	5.068368e-05
1.252999999999973e+00	2.459116e-05	5.068589e-05
1.253999999999973e+00	2.459116e-05	5.068811e-05
1.254999999999973e+00	2.459116e-05	5.069033e-05
1.255999999999972e+00	2.459116e-05	5.069255e-05
1.256999999999972e+00	2.459116e-05	5.069476e-05
1.257999999999972e+00	2.459116e-05	5.069698e-05
1.258999999999972e+00	2.459116e-05	5.069920e-05
1.259999999999972e+00	2.459116e-05	5.070142e-05
1.260999999999972e+00	2.459116e-05	5.070363e-05
1.261999999999972e+00	2.459116e-05	5.070585e-05
1.262999999999972e+00	2.459116e-05	5.070807e-05
1.263999999999972e+00	2.459116e-05	5.071029e-05
1.264999999999971e+00	2.459116e-05	5.071251e-05
1.265999999999971e+00	2.459116e-05	5.071473e-05
1.266999999999971e+00	2.459116e-05	5.071695e-05
1.267999999999971e+00	2.459116e-05	5.071917e-05
1.268999999999971e+00	2.459116e-05	5.072139e-05
1.269999999999971e+00	2.459116e-05	5.072361e-05
1.270999999999971e+00	2.459116e-05	5.072583e-05
1.271999999999971e+00	2.459116e-05	5.072805e-05
1.272999999999971e+00	2.459116e-05	5.073027e-05
1.273999999999970e+00	2.459116e-05	5.073249e-05
1.274999999999970e+00	2.459116e-05	5.073471e-05
1.275999999999970e+00	2.459116e-05	5.073694e-05
1.276999999999970e+00	2.459116e-05	5.073916e-05
1.277999999999970e+00	2.459116e-05	5.074138e-05
1.278999999999970e+00	2.459116e-05	5.074360e-05
1.279999999999970e+00	2.459116e-05	5.074582e-05
1.280999999999970e+00	2.459116e-05	5.074805e-05
1.281999999999970e+00	2.459116e-05	5.075027e-05
1.282999999999969e+00	2.459116e-05	5.075249e-05
1.283999999999969e+00	2.459116e-05	5.075472e-05
1.284999999999969e+00	2.459116e-05	5.075694e-05
1.285999999999969e+00	2.459116e-05	5.075916e-05
1.286999999999969e+00	2.459116e-05	5.076139e-05
1.287999999999969e+00	2.459116e-05	5.076361e-05
1.288999999999969e+00	2.459116e-05	5.076584e-05
1.289999999999969e+00	2.459116e-05	5.076806e-05
1.290999999999969e+00	2.459116e-05	5.077029e-05
1.291999999999969e+00	2.459116e-05	5.077251e-05
1.292999999999968e+00	2.459116e-05	5.077474e-05
1.293999999999968e+00	2.459116e-05	5.077696e-05
1.294999999999968e+00	2.459116e-05	5.077919e-05
1.295999999999968e+00	2.459116e-05	5.078141e-05
1.296999999999968e+00	2.459116e-05	5.078364e-05
1.297999999999968e+00	2.459116e-05	5.078587e-05
1.298999999999968e+00	2.459116e-05	5.078810e-05
1.299999999999968e+00	2.459116e-05	5.079032e-05
1.300999999999968e+00	2.459116e-05	5.079255e-05
1.301999999999967e+00	2.459116e-05	5.079478e-05
1.302999999999967e+00	2.459116e-05	5.079701e-05
1.303999999999967e+00	2.459116e-05	5.079924e-05
1.304999999999967e+00	2.459116e-05	5.080147e-05
1.305999999999967e+00	2.459116e-05	5.080370e-05
1.306999999999967e+00	2.459116e-05	5.080593e-05
1.307999999999967e+00	2.459116e-05	5.080816e-05
1.308999999999967e+00	2.459116e-05	5.081039e-05
1.309999999999967e+00	2.459116e-05	5.081262e-05
1.310999999999966e+00	2.459116e-05	5.081486e-05
1.311999999999966e+00	2.459116e-05	5.081709e-05
1.312999999999966e+00	2.459116e-05	5.081932e-05
1.313999999999966e+00	2.459116e-05	5.082155e-05
1.314999999999966e+00	2.459116e-05	5.082378e-05
1.315999999999966e+00	2.459116e-05	5.082602e-05
1.316999999999966e+00	2.459116e-05	5.082825e-05
1.317999999999966e+00	2.459116e-05	5.083048e-05
1.318999999999966e+00	2.459116e-05	5.083272e-05
1.319999999999965e+00	2.459116e-05	5.083495e-05
1.320999999999965e+00	2.459116e-05	5.083719e-05
1.321999999999965e+00	2.459116e-05	5.083943e-05
1.322999999999965e+00	2.459116e-05	5.084166e-05
1.323999999999965e+00	2.459116e-05	5.084390e-05
1.324999999999965e+00	2.459116e-05	5.084614e-05
1.325999999999965e+00	2.459116e-05	5.084838e-05
1.326999999999965e+00	2.459116e-05	5.085061e-05
1.327999999999965e+00	2.459116e-05	5.085285e-05
1.328999999999964e+00	2.459116e-05	5.085509e-05
1.329999999999964e+00	2.459116e-05	5.085733e-05
1.330999999999964e+00	2.459116e-05	5.085957e-05
1.331999999999964e+00	2.459116e-05	5.086181e-05
1.332999999999964e+00	2.459116e-05	5.086405e-05
1.333999999999964e+00	2.459116e-05	5.086629e-05
1.334999999999964e+00	2.459116e-05	5.086853e-05
1.335999999999964e+00	2.459116e-05	5.087078e-05
1.336999999999964e+00	2.459116e-05	5.087302e-05
1.337999999999963e+00	2.459116e-05	5.087526e-05
1.338999999999963e+00	2.459116e-05	5.087751e-05
1.339999999999963e+00	2.459116e-05	5.087975e-05
1.340999999999963e+00	2.459116e-05	5.088200e-05
1.341999999999963e+00	2.459116e-05	5.088424e-05
1.342999999999963e+00	2.459116e-05	5.088649e-05
1.343999999999963e+00	2.459116e-05	5.088874e-05
1.344999999999963e+00	2.459116e-05	5.089098e-05
1.345999999999963e+00	2.459116e-05	5.089323e-05
1.346999999999962e+00	2.459116e-05	5.089548e-05
1.347999999999962e+00	2.459116e-05	5.089772e-05
1.348999999999962e+00	2.459116e-05	5.089998e-05
1.349999999999962e+00	2.459116e-05	5.090222e-05
1.350999999999962e+00	2.459116e-05	5.090448e-05
1.351999999999962e+00	2.459116e-05	5.090673e-05
1.352999999999962e+00	2.459116e-05	5.090898e-05
1.353999999999962e+00	2.459116e-05	5.091123e-05
1.354999999999962e+00	2.459116e-05	5.091348e-05
1.355999999999961e+00	2.459116e-05	5.091574e-05
1.356999999999961e+00	2.459116e-05	5.091799e-05
1.357999999999961e+00	2.459116e-05	5.092025e-05
1.358999999999961e+00	2.459116e-05	5.092250e-05
1.359999999999961e+00	2.459116e-05	5.092476e-05
1.360999999999961e+00	2.459116e-05	5.092701e-05
1.361999999999961e+00	2.459116e-05	5.092927e-05
1.362999999999961e+00	2.459116e-05	5.093153e-05
1.363999999999961e+00	2.459116e-05	5.093379e-05
1.364999999999960e+00	2.459116e-05	5.093605e-05
1.365999999999960e+00	2.459116e-05	5.093831e-05
1.366999999999960e+00	2.459116e-05	5.094057e-05
1.367999999999960e+00	2.459116e-05	5.094283e-05
1.368999999999960e+00	2.459116e-05	5.094509e-05
1.369999999999960e+00	2.459116e-05	5.094736e-05
1.370999999999960e+00	2.459116e-05	5.094962e-05
1.371999999999960e+00	2.459116e-05	5.095189e-05
1.372999999999960e+00	2.459116e-05	5.095415e-05
1.373999999999959e+00	2.459116e-05	5.095642e-05
1.374999999999959e+00	2.459116e-05	5.095869e-05
1.375999999999959e+00	2.459116e-05	5.096095e-05
1.376999999999959e+00	2.459116e-05	5.096322e-05
1.377999999999959e+00	2.459116e-05	5.096549e-05
1.378999999999959e+00	2.459116e-05	5.096776e-05
1.379999999999959e+00	2.459116e-05	5.097003e-05
1.380999999999959e+00	2.459116e-05	5.097231e-05
1.381999999999959e+00	2.459116e-05	5.097458e-05
1.382999999999958e+00	2.459116e-05	5.097685e-05
1.383999999999958e+00	2.459116e-05	5.097912e-05
1.384999999999958e+00	2.459116e-05	5.098140e-05
1.385999999999958e+00	2.459116e-05	5.098368e-05
1.386999999999958e+00	2.459116e-05	5.098595e-05
1.387999999999958e+00	2.459116e-05	5.098823e-05
1.388999999999958e+00	2.459116e-05	5.099051e-05
1.389999999999958e+00	2.459116e-05	5.099279e-05
1.390999999999958e+00	2.459116e-05	5.099507e-05
1.391999999999957e+00	2.459116e-05	5.099735e-05
1.392999999999957e+00	2.459116e-05	5.099964e-05
1.393999999999957e+00	2.459116e-05	5.100192e-05
1.394999999999957e+00	2.459116e-05	5.100420e-05
1.395999999999957e+00	2.459116e-05	5.100649e-05
1.396999999999957e+00	2.459116e-05	5.100877e-05
1.397999999999957e+00	2.459116e-05	5.101106e-05
1.398999999999957e+00	2.459116e-05	5.101335e-05
1.399999999999957e+00	2.459116e-05	5.101564e-05
1.400999999999957e+00	2.459116e-05	5.101793e-05
1.401999999999956e+00	2.459116e-05	5.102022e-05
1.402999999999956e+00	2.459116e-05	5.102251e-05
1.403999999999956e+00	2.459116e-05	5.102481e-05
1.404999999999956e+00	2.459116e-05	5.102710e-05
1.405999999999956e+00	2.459116e-05	5.102940e-05
1.406999999999956e+00	2.459116e-05	5.103170e-05
1.407999999999956e+00	2.459116e-05	5.103399e-05
1.408999999999956e+00	2.459116e-05	5.103629e-05
1.409999999999956e+00	2.459116e-05	5.103859e-05
1.410999999999955e+00	2.459116e-05	5.104089e-05
1.411999999999955e+00	2.459116e-05	5.104320e-05
1.412999999999955e+00	2.459116e-05	5.104550e-05
1.413999999999955e+00	2.459116e-05	5.104780e-05
1.414999999999955e+00	2.459116e-05	5.105011e-05
1.415999999999955e+00	2.459116e-05	5.105242e-05
1.416999999999955e+00	2.459116e-05	5.105473e-05
1.417999999999955e+00	2.459116e-05	5.105704e-05
1.418999999999955e+00	2.459116e-05	5.105935e-05
1.419999999999954e+00	2.459116e-05	5.106166e-05
1.420999999999954e+00	2.459116e-05	5.106397e-05
1.421999999999954e+00	2.459116e-05	5.106628e-05
1.422999999999954e+00	2.459116e-05	5.106860e-05
1.423999999999954e+00	2.459116e-05	5.107092e-05
1.424999999999954e+00	2.459116e-05	5.107324e-05
1.425999999999954e+00	2.459116e-05	5.107556e-05
1.426999999999954e+00	2.459116e-05	5.107788e-05
1.427999999999954e+00	2.459116e-05	5.108020e-05
1.428999999999953e+00	2.459116e-05	5.108252e-05
1.429999999999953e+00	2.459116e-05	5.108485e-05
1.430999999999953e+00	2.459116e-05	5.108717e-05
1.431999999999953e+00	2.459116e-05	5.108950e-05
1.432999999999953e+00	2.459116e-05	5.109183e-05
1.433999999999953e+00	2.459116e-05	5.109416e-05
1.434999999999953e+00	2.459116e-05	5.109649e-05
1.435999999999953e+00	2.459116e-05	5.109882e-05
1.436999999999953e+00	2.459116e-05	5.110116e-05
1.437999999999952e+00	2.459116e-05	5.110350e-05
1.438999999999952e+00	2.459116e-05	5.110584e-05
1.439999999999952e+00	2.459116e-05	5.110817e-05
1.440999999999952e+00	2.459116e-05	5.111051e-05
1.441999999999952e+00	2.459116e-05	5.111286e-05
1.442999999999952e+00	2.459116e-05	5.111520e-05
1.443999999999952e+00	2.459116e-05	5.111755e-05
1.444999999999952e+00	2.459116e-05	5.111989e-05
1.445999999999952e+00	2.459116e-05	5.112224e-05
1.446999999999951e+00	2.459116e-05	5.112459e-05
1.447999999999951e+00	2.459116e-05	5.112694e-05
1.448999999999951e+00	2.459116e-05	5.112930e-05
1.449999999999951e+00	2.459116e-05	5.113165e-05
1.450999999999951e+00	2.459116e-05	5.113401e-05
1.451999999999951e+00	2.459116e-05	5.113637e-05
1.452999999999951e+00	2.459116e-05	5.113873e-05
1.453999999999951e+00	2.459116e-05	5.114109e-05
1.454999999999951e+00	2.459116e-05	5.114345e-05
1.455999999999950e+00	2.459116e-05	5.114582e-05
1.456999999999950e+00	2.459116e-05	5.114818e-05
1.457999999999950e+00	2.459116e-05	5.115055e-05
1.458999999999950e+00	2.459116e-05	5.115293e-05
1.459999999999950e+00	2.459116e-05	5.115530e-05
1.460999999999950e+00	2.459116e-05	5.115767e-05
1.461999999999950e+00	2.459116e-05	5.116005e-05
1.462999999999950e+00	2.459116e-05	5.116242e-05
1.463999999999950e+00	2.459116e-05	5.116481e-05
1.464999999999949e+00	2.459116e-05	5.116719e-05
1.465999999999949e+00	2.459116e-05	5.116957e-05
1.466999999999949e+00	2.459116e-05	5.117196e-05
1.467999999999949e+00	2.459116e-05	5.117434e-05
1.468999999999949e+00	2.459116e-05	5.117673e-05
1.469999999999949e+00	2.459116e-05	5.117912e-05
1.470999999999949e+00	2.459116e-05	5.118152e-05
1.471999999999949e+00	2.459116e-05	5.118391e-05
1.472999999999949e+00	2.459116e-05	5.118631e-05
1.473999999999948e+00	2.459116e-05	5.118871e-05
1.474999999999948e+00	2.459116e-05	5.119111e-05
1.475999999999948e+00	2.459116e-05	5.119351e-05
1.476999999999948e+00	2.459116e-05	5.119592e-05
1.477999999999948e+00	2.459116e-05	5.119833e-05
1.478999999999948e+00	2.459116e-05	5.120074e-05
1.479999999999948e+00	2.459116e-05	5.120315e-05
1.480999999999948e+00	2.459116e-05	5.120556e-05
1.481999999999948e+00	2.459116e-05	5.120798e-05
1.482999999999947e+00	2.459116e-05	5.121040e-05
1.483999999999947e+00	2.459116e-05	5.121282e-05
1.484999999999947e+00	2.459116e-05	5.121524e-05
1.485999999999947e+00	2.459116e-05	5.121767e-05
1.486999999999947e+00	2.459116e-05	5.122010e-05
1.487999999999947e+00	2.459116e-05	5.122253e-05
1.488999999999947e+00	2.459116e-05	5.122496e-05
1.489999999999947e+00	2.459116e-05	5.122739e-05
1.490999999999947e+00	2.459116e-05	5.122983e-05
1.491999999999946e+00	2.459116e-05	5.123227e-05
1.492999999999946e+00	2.459116e-05	5.123471e-05
1.493999999999946e+00	2.459116e-05	5.123716e-05
1.494999999999946e+00	2.459116e-05	5.123960e-05
1.495999999999946e+00	2.459116e-05	5.124205e-05
1.496999999999946e+00	2.459116e-05	5.124450e-05
1.497999999999946e+00	2.459116e-05	5.124696e-05
1.498999999999946e+00	2.459116e-05	5.124942e-05
1.499999999999946e+00	2.459116e-05	5.125187e-05
1.500999999999945e+00	2.459116e-05	5.125434e-05
1.501999999999945e+00	2.459116e-05	5.125680e-05
1.502999999999945e+00	2.459116e-05	5.125927e-05
1.503999999999945e+00	2.459116e-05	5.126174e-05
1.504999999999945e+00	2.459116e-05	5.126421e-05
1.505999999999945e+00	2.459116e-05	5.126668e-05
1.506999999999945e+00	2.459116e-05	5.126916e-05
1.507999999999945e+00	2.459116e-05	5.127164e-05
1.508999999999945e+00	2.459116e-05	5.127413e-05
1.509999999999944e+00	2.459116e-05	5.127661e-05
1.510999999999944e+00	2.459116e-05	5.127910e-05
1.511999999999944e+00	2.459116e-05	5.128160e-05
1.512999999999944e+00	2.459116e-05	5.128409e-05
1.513999999999944e+00	2.459116e-05	5.128659e-05
1.514999999999944e+00	2.459116e-05	5.128909e-05
1.515999999999944e+00	2.459116e-05	5.129159e-05
1.516999999999944e+00	2.459116e-05	5.129410e-05
1.517999999999944e+00	2.459116e-05	5.129661e-05
1.518999999999944e+00	2.459116e-05	5.129912e-05
1.519999999999943e+00	2.459116e-05	5.130163e-05
1.520999999999943e+00	2.459116e-05	5.130415e-05
1.521999999999943e+00	2.459116e-05	5.130667e-05
1.522999999999943e+00	2.459116e-05	5.130920e-05
1.523999999999943e+00	2.459116e-05	5.131173e-05
1.524999999999943e+00	2.459116e-05	5.131426e-05
1.525999999999943e+00	2.459116e-05	5.131679e-05
1.526999999999943e+00	2.459116e-05	5.131933e-05
1.527999999999943e+00	2.459116e-05	5.132187e-05
1.528999999999942e+00	2.459116e-05	5.132441e-05
1.529999999999942e+00	2.459116e-05	5.132696e-05
1.530999999999942e+00	2.459116e-05	5.132951e-05
1.531999999999942e+00	2.459116e-05	5.133206e-05
1.532999999999942e+00	2.459116e-05	5.133462e-05
1.533999999999942e+00	2.459116e-05	5.133718e-05
1.534999999999942e+00	2.459116e-05	5.133975e-05
1.535999999999942e+00	2.459116e-05	5.134231e-05
1.536999999999942e+00	2.459116e-05	5.134488e-05
1.537999999999941e+00	2.459116e-05	5.134746e-05
1.538999999999941e+00	2.459116e-05	5.135003e-05
1.539999999999941e+00	2.459116e-05	5.135262e-05
1.540999999999941e+00	2.459116e-05	5.135520e-05
1.541999999999941e+00	2.459116e-05	5.135779e-05
1.542999999999941e+00	2.459116e-05	5.136038e-05
1.543999999999941e+00	2.459116e-05	5.136298e-05
1.544999999999941e+00	2.459116e-05	5.136558e-05
1.545999999999941e+00	2.459116e-05	5.136818e-05
1.546999999999940e+00	2.459116e-05	5.137079e-05
1.547999999999940e+00	2.459116e-05	5.137340e-05
1.548999999999940e+00	2.459116e-05	5.137601e-05
1.549999999999940e+00	2.459116e-05	5.137863e-05
1.550999999999940e+00	2.459116e-05	5.138126e-05
1.551999999999940e+00	2.459116e-05	5.138388e-05
1.552999999999940e+00	2.459116e-05	5.138651e-05
1.553999999999940e+00	2.459116e-05	5.138915e-05
1.554999999999940e+00	2.459116e-05	5.139178e-05
1.555999999999939e+00	2.459116e-05	5.139443e-05
1.556999999999939e+00	2.459116e-05	5.139707e-05
1.557999999999939e+00	2.459116e-05	5.139972e-05
1.558999999999939e+00	2.459116e-05	5.140238e-05
1.559999999999939e+00	2.459116e-05	5.140503e-05
1.560999999999939e+00	2.459116e-05	5.140770e-05
1.561999999999939e+00	2.459116e-05	5.141036e-05
1.562999999999939e+00	2.459116e-05	5.141304e-05
1.563999999999939e+00	2.459116e-05	5.141571e-05
1.564999999999938e+00	2.459116e-05	5.141839e-05
1.565999999999938e+00	2.459116e-05	5.142107e-05
1.566999999999938e+00	2.459116e-05	5.142376e-05
1.567999999999938e+00	2.459116e-05	5.142646e-05
1.568999999999938e+00	2.459116e-05	5.142915e-05
1.569999999999938e+00	2.459116e-05	5.143186e-05
1.570999999999938e+00	2.459116e-05	5.143456e-05
1.571999999999938e+00	2.459116e-05	5.143727e-05
1.572999999999938e+00	2.459116e-05	5.143999e-05
1.573999999999937e+00	2.459116e-05	5.144271e-05
1.574999999999937e+00	2.459116e-05	5.144543e-05
1.575999999999937e+00	2.459116e-05	5.144816e-05
1.576999999999937e+00	2.459116e-05	5.145090e-05
1.577999999999937e+00	2.459116e-05	5.145364e-05
1.578999999999937e+00	2.459116e-05	5.145638e-05
1.579999999999937e+00	2.459116e-05	5.145913e-05
1.580999999999937e+00	2.459116e-05	5.146188e-05
1.581999999999937e+00	2.459116e-05	5.146464e-05
1.582999999999936e+00	2.459116e-05	5.146740e-05
1.583999999999936e+00	2.459116e-05	5.147017e-05
1.584999999999936e+00	2.459116e-05	5.147294e-05
1.585999999999936e+00	2.459116e-05	5.147572e-05
1.586999999999936e+00	2.459116e-05	5.147851e-05
1.587999999999936e+00	2.459116e-05	5.148129e-05
1.588999999999936e+00	2.459116e-05	5.148409e-05
1.589999999999936e+00	2.459116e-05	5.148688e-05
1.590999999999936e+00	2.459116e-05	5.148969e-05
1.591999999999935e+00	2.459116e-05	5.149250e-05
1.592999999999935e+00	2.459116e-05	5.149531e-05
1.593999999999935e+00	2.459116e-05	5.149813e-05
1.594999999999935e+00	2.459116e-05	5.150096e-05
1.595999999999935e+00	2.459116e-05	5.150379e-05
1.596999999999935e+00	2.459116e-05	5.150663e-05
1.597999999999935e+00	2.459116e-05	5.150947e-05
1.598999999999935e+00	2.459116e-05	5.151231e-05
1.599999999999935e+00	2.459116e-05	5.151517e-05
1.600999999999934e+00	2.459116e-05	5.151803e-05
1.601999999999934e+00	2.459116e-05	5.152089e-05
1.602999999999934e+00	2.459116e-05	5.152376e-05
1.603999999999934e+00	2.459116e-05	5.152664e-05
1.604999999999934e+00	2.459116e-05	5.152952e-05
1.605999999999934e+00	2.459116e-05	5.153240e-05
1.606999999999934e+00	2.459116e-05	5.153530e-05
1.607999999999934e+00	2.459116e-05	5.153819e-05
1.608999999999934e+00	2.459116e-05	5.154110e-05
1.609999999999933e+00	2.459116e-05	5.154401e-05
1.610999999999933e+00	2.459116e-05	5.154693e-05
1.611999999999933e+00	2.459116e-05	5.154985e-05
1.612999999999933e+00	2.459116e-05	5.155278e-05
1.613999999999933e+00	2.459116e-05	5.155571e-05
1.614999999999933e+00	2.459116e-05	5.155866e-05
1.615999999999933e+00	2.459116e-05	5.156160e-05
1.616999999999933e+00	2.459116e-05	5.156456e-05
1.617999999999933e+00	2.459116e-05	5.156752e-05
1.618999999999932e+00	2.459116e-05	5.157049e-05
1.619999999999932e+00	2.459116e-05	5.157346e-05
1.620999999999932e+00	2.459116e-05	5.157644e-05
1.621999999999932e+00	2.459116e-05	5.157942e-05
1.622999999999932e+00	2.459116e-05	5.158242e-05
1.623999999999932e+00	2.459116e-05	5.158542e-05
1.624999999999932e+00	2.459116e-05	5.158842e-05
1.625999999999932e+00	2.459116e-05	5.159144e-05
1.626999999999932e+00	2.459116e-05	5.159446e-05
1.627999999999932e+00	2.459116e-05	5.159748e-05
1.628999999999931e+00	2.459116e-05	5.160052e-05
1.629999999999931e+00	2.459116e-05	5.160355e-05
1.630999999999931e+00	2.459116e-05	5.160660e-05
1.631999999999931e+00	2.459116e-05	5.160966e-05
1.632999999999931e+00	2.459116e-05	5.161271e-05
1.633999999999931e+00	2.459116e-05	5.161579e-05
1.634999999999931e+00	2.459116e-05	5.161886e-05
1.635999999999931e+00	2.459116e-05	5.162194e-05
1.636999999999931e+00	2.459116e-05	5.162503e-05
1.637999999999930e+00	2.459116e-05	5.162813e-05
1.638999999999930e+00	2.459116e-05	5.163123e-05
1.639999999999930e+00	2.459116e-05	5.163434e-05
1.640999999999930e+00	2.459116e-05	5.163746e-05
1.641999999999930e+00	2.459116e-05	5.164059e-05
1.642999999999930e+00	2.459116e-05	5.164372e-05
1.643999999999930e+00	2.459116e-05	5.164686e-05
1.644999999999930e+00	2.459116e-05	5.165001e-05
1.645999999999930e+00	2.459116e-05	5.165317e-05
1.646999999999929e+00	2.459116e-05	5.165633e-05
1.647999999999929e+00	2.459116e-05	5.165951e-05
1.648999999999929e+00	2.459116e-05	5.166269e-05
1.649999999999929e+00	2.459116e-05	5.166587e-05
1.650999999999929e+00	2.459116e-05	5.166907e-05
1.651999999999929e+00	2.459116e-05	5.167228e-05
1.652999999999929e+00	2.459116e-05	5.167549e-05
1.653999999999929e+00	2.459116e-05	5.167871e-05
1.654999999999929e+00	2.459116e-05	5.168193e-05
1.655999999999928e+00	2.459116e-05	5.168517e-05
1.656999999999928e+00	2.459116e-05	5.168841e-05
1.657999999999928e+00	2.459116e-05	5.169167e-05
1.658999999999928e+00	2.459116e-05	5.169493e-05
1.659999999999928e+00	2.459116e-05	5.169820e-05
1.660999999999928e+00	2.459116e-05	5.170148e-05
1.661999999999928e+00	2.459116e-05	5.170476e-05
1.662999999999928e+00	2.459116e-05	5.170806e-05
1.663999999999928e+00	2.459116e-05	5.171136e-05
1.664999999999927e+00	2.459116e-05	5.171468e-05
1.665999999999927e+00	2.459116e-05	5.171800e-05
1.666999999999927e+00	2.459116e-05	5.172133e-05
1.667999999999927e+00	2.459116e-05	5.172467e-05
1.668999999999927e+00	2.459116e-05	5.172801e-05
1.669999999999927e+00	2.459116e-05	5.173137e-05
1.670999999999927e+00	2.459116e-05	5.173474e-05
1.671999999999927e+00	2.459116e-05	5.173811e-05
1.672999999999927e+00	2.459116e-05	5.174150e-05
1.673999999999926e+00	2.459116e-05	5.174489e-05
1.674999999999926e+00	2.459116e-05	5.174829e-05
1.675999999999926e+00	2.459116e-05	5.175170e-05
1.676999999999926e+00	2.459116e-05	5.175512e-05
1.677999999999926e+00	2.459116e-05	5.175856e-05
1.678999999999926e+00	2.459116e-05	5.176200e-05
1.679999999999926e+00	2.459116e-05	5.176545e-05
1.680999999999926e+00	2.459116e-05	5.176890e-05
1.681999999999926e+00	2.459116e-05	5.177237e-05
1.682999999999925e+00	2.459116e-05	5.177585e-05
1.683999999999925e+00	2.459116e-05	5.177934e-05
1.684999999999925e+00	2.459116e-05	5.178284e-05
1.685999999999925e+00	2.459116e-05	5.178635e-05
1.686999999999925e+00	2.459116e-05	5.178987e-05
1.687999999999925e+00	2.459116e-05	5.179340e-05
1.688999999999925e+00	2.459116e-05	5.179693e-05
1.689999999999925e+00	2.459116e-05	5.180049e-05
1.690999999999925e+00	2.459116e-05	5.180404e-05
1.691999999999924e+00	2.459116e-05	5.180761e-05
1.692999999999924e+00	2.459116e-05	5.181120e-05
1.693999999999924e+00	2.459116e-05	5.181478e-05
1.694999999999924e+00	2.459116e-05	5.181838e-05
1.695999999999924e+00	2.459116e-05	5.182200e-05
1.696999999999924e+00	2.459116e-05	5.182562e-05
1.697999999999924e+00	2.459116e-05	5.182925e-05
1.698999999999924e+00	2.459116e-05	5.183290e-05
1.699999999999924e+00	2.459116e-05	5.183655e-05
1.700999999999923e+00	2.459116e-05	5.184022e-05
1.701999999999923e+00	2.459116e-05	5.184389e-05
1.702999999999923e+00	2.459116e-05	5.184758e-05
1.703999999999923e+00	2.459116e-05	5.185128e-05
1.704999999999923e+00	2.459116e-05	5.185499e-05
1.705999999999923e+00	2.459116e-05	5.185871e-05
1.706999999999923e+00	2.459116e-05	5.186244e-05
1.707999999999923e+00	2.459116e-05	5.186618e-05
1.708999999999923e+00	2.459116e-05	5.186994e-05
1.709999999999922e+00	2.459116e-05	5.187371e-05
1.710999999999922e+00	2.459116e-05	5.187748e-05
1.711999999999922e+00	2.459116e-05	5.188127e-05
1.712999999999922e+00	2.459116e-05	5.188508e-05
1.713999999999922e+00	2.459116e-05	5.188889e-05
1.714999999999922e+00	2.459116e-05	5.189271e-05
1.715999999999922e+00	2.459116e-05	5.189655e-05
1.716999999999922e+00	2.459116e-05	5.190040e-05
1.717999999999922e+00	2.459116e-05	5.190426e-05
1.718999999999921e+00	2.459116e-05	5.190813e-05
1.719999999999921e+00	2.459116e-05	5.191202e-05
1.720999999999921e+00	2.459116e-05	5.191592e-05
1.721999999999921e+00	2.459116e-05	5.191983e-05
1.722999999999921e+00	2.459116e-05	5.192375e-05
1.723999999999921e+00	2.459116e-05	5.192769e-05
1.724999999999921e+00	2.459116e-05	5.193163e-05
1.725999999999921e+00	2.459116e-05	5.193560e-05
1.726999999999921e+00	2.459116e-05	5.193957e-05
1.727999999999920e+00	2.459116e-05	5.194356e-05
1.728999999999920e+00	2.459116e-05	5.194755e-05
1.729999999999920e+00	2.459116e-05	5.195157e-05
1.730999999999920e+00	2.459116e-05	5.195559e-05
1.731999999999920e+00	2.459116e-05	5.195963e-05
1.732999999999920e+00	2.459116e-05	5.196368e-05
1.733999999999920e+00	2.459116e-05	5.196775e-05
1.734999999999920e+00	2.459116e-05	5.197183e-05
1.735999999999920e+00	2.459116e-05	5.197592e-05
1.736999999999919e+00	2.459116e-05	5.198002e-05
1.737999999999919e+00	2.459116e-05	5.198414e-05
1.738999999999919e+00	2.459116e-05	5.198827e-05
1.739999999999919e+00	2.459116e-05	5.199242e-05
1.740999999999919e+00	2.459116e-05	5.199658e-05
1.741999999999919e+00	2.459116e-05	5.200076e-05
1.742999999999919e+00	2.459116e-05	5.200494e-05
1.743999999999919e+00	2.459116e-05	5.200915e-05
1.744999999999919e+00	2.459116e-05	5.201336e-05
1.745999999999919e+00	2.459116e-05	5.201759e-05
1.746999999999918e+00	2.459116e-05	5.202184e-05
1.747999999999918e+00	2.459116e-05	5.202610e-05
1.748999999999918e+00	2.459116e-05	5.203037e-05
1.749999999999918e+00	2.459116e-05	5.203466e-05
1.750999999999918e+00	2.459116e-05	5.203896e-05
1.751999999999918e+00	2.459116e-05	5.204328e-05
1.752999999999918e+00	2.459116e-05	5.204761e-05
1.753999999999918e+00	2.459116e-05	5.205196e-05
1.754999999999918e+00	2.459116e-05	5.205632e-05
1.755999999999917e+00	2.459116e-05	5.206070e-05
1.756999999999917e+00	2.459116e-05	5.206509e-05
1.757999999999917e+00	2.459116e-05	5.206950e-05
1.758999999999917e+00	2.459116e-05	5.207392e-05
1.759999999999917e+00	2.459116e-05	5.207837e-05
1.760999999999917e+00	2.459116e-05	5.208282e-05
1.761999999999917e+00	2.459116e-05	5.208729e-05
1.762999999999917e+00	2.459116e-05	5.209177e-05
1.763999999999917e+00	2.459116e-05	5.209627e-05
1.764999999999916e+00	2.459116e-05	5.210079e-05
1.765999999999916e+00	2.459116e-05	5.210533e-05
1.766999999999916e+00	2.459116e-05	5.210987e-05
1.767999999999916e+00	2.459116e-05	5.211444e-05
1.768999999999916e+00	2.459116e-05	5.211902e-05
1.769999999999916e+00	2.459116e-05	5.212362e-05
1.770999999999916e+00	2.459116e-05	5.212823e-05
1.771999999999916e+00	2.459116e-05	5.213287e-05
1.772999999999916e+00	2.459116e-05	5.213752e-05
1.773999999999915e+00	2.459116e-05	5.214218e-05
1.774999999999915e+00	2.459116e-05	5.214686e-05
1.775999999999915e+00	2.459116e-05	5.215156e-05
1.776999999999915e+00	2.459116e-05	5.215627e-05
1.777999999999915e+00	2.459116e-05	5.216101e-05
1.778999999999915e+00	2.459116e-05	5.216575e-05
1.779999999999915e+00	2.459116e-05	5.217052e-05
1.780999999999915e+00	2.459116e-05	5.217530e-05
1.781999999999915e+00	2.459116e-05	5.218010e-05
1.782999999999914e+00	2.459116e-05	5.218492e-05
1.783999999999914e+00	2.459116e-05	5.218976e-05
1.784999999999914e+00	2.459116e-05	5.219461e-05
1.785999999999914e+00	2.459116e-05	5.219948e-05
1.786999999999914e+00	2.459116e-05	5.220437e-05
1.787999999999914e+00	2.459116e-05	5.220928e-05
1.788999999999914e+00	2.459116e-05	5.221421e-05
1.789999999999914e+00	2.459116e-05	5.221915e-05
1.790999999999914e+00	2.459116e-05	5.222411e-05
1.791999999999913e+00	2.459116e-05	5.222909e-05
1.792999999999913e+00	2.459116e-05	5.223409e-05
1.793999999999913e+00	2.459116e-05	5.223911e-05
1.794999999999913e+00	2.459116e-05	5.224415e-05
1.795999999999913e+00	2.459116e-05	5.224920e-05
1.796999999999913e+00	2.459116e-05	5.225428e-05
1.797999999999913e+00	2.459116e-05	5.225937e-05
1.798999999999913e+00	2.459116e-05	5.226448e-05
1.800000000000000e+00	2.459116e-05	5.226961e-05
