vcc	Id(Mp1)	Id(Mp2)	Id(Mp3)
1.000000000000000e+00	1.384056e-07	1.135354e-05	1.689039e-05
1.001000000000000e+00	1.406824e-07	1.137748e-05	1.692712e-05
1.002000000000000e+00	1.430287e-07	1.140140e-05	1.696384e-05
1.003000000000000e+00	1.453968e-07	1.142534e-05	1.700058e-05
1.004000000000000e+00	1.478034e-07	1.144928e-05	1.703732e-05
1.004999999999999e+00	1.502491e-07	1.147323e-05	1.707408e-05
1.005999999999999e+00	1.527345e-07	1.149717e-05	1.711085e-05
1.006999999999999e+00	1.552603e-07	1.152113e-05	1.714762e-05
1.007999999999999e+00	1.578270e-07	1.154508e-05	1.718440e-05
1.008999999999999e+00	1.604354e-07	1.156904e-05	1.722119e-05
1.009999999999999e+00	1.630860e-07	1.159301e-05	1.725799e-05
1.010999999999999e+00	1.657796e-07	1.161697e-05	1.729480e-05
1.011999999999999e+00	1.685168e-07	1.164094e-05	1.733162e-05
1.012999999999999e+00	1.712983e-07	1.166492e-05	1.736845e-05
1.013999999999998e+00	1.741248e-07	1.168889e-05	1.740528e-05
1.014999999999998e+00	1.769969e-07	1.171287e-05	1.744212e-05
1.015999999999998e+00	1.799155e-07	1.173686e-05	1.747897e-05
1.016999999999998e+00	1.828811e-07	1.176085e-05	1.751583e-05
1.017999999999998e+00	1.858946e-07	1.178484e-05	1.755269e-05
1.018999999999998e+00	1.889567e-07	1.180883e-05	1.758957e-05
1.019999999999998e+00	1.920682e-07	1.183283e-05	1.762645e-05
1.020999999999998e+00	1.952297e-07	1.185682e-05	1.766333e-05
1.021999999999998e+00	1.984422e-07	1.188083e-05	1.770023e-05
1.022999999999997e+00	2.017063e-07	1.190483e-05	1.773713e-05
1.023999999999997e+00	2.050228e-07	1.192884e-05	1.777404e-05
1.024999999999997e+00	2.083926e-07	1.195285e-05	1.781095e-05
1.025999999999997e+00	2.118165e-07	1.197686e-05	1.784787e-05
1.026999999999997e+00	2.152953e-07	1.200087e-05	1.788480e-05
1.027999999999997e+00	2.188299e-07	1.202489e-05	1.792174e-05
1.028999999999997e+00	2.224210e-07	1.204891e-05	1.795868e-05
1.029999999999997e+00	2.260696e-07	1.207293e-05	1.799563e-05
1.030999999999997e+00	2.297766e-07	1.209696e-05	1.803259e-05
1.031999999999996e+00	2.335427e-07	1.212098e-05	1.806955e-05
1.032999999999996e+00	2.373691e-07	1.214501e-05	1.810651e-05
1.033999999999996e+00	2.412564e-07	1.216904e-05	1.814348e-05
1.034999999999996e+00	2.452057e-07	1.219307e-05	1.818046e-05
1.035999999999996e+00	2.492178e-07	1.221710e-05	1.821745e-05
1.036999999999996e+00	2.532938e-07	1.224114e-05	1.825444e-05
1.037999999999996e+00	2.574346e-07	1.226517e-05	1.829143e-05
1.038999999999996e+00	2.616411e-07	1.228921e-05	1.832843e-05
1.039999999999996e+00	2.659144e-07	1.231325e-05	1.836544e-05
1.040999999999995e+00	2.702554e-07	1.233729e-05	1.840244e-05
1.041999999999995e+00	2.746651e-07	1.236133e-05	1.843946e-05
1.042999999999995e+00	2.791446e-07	1.238537e-05	1.847648e-05
1.043999999999995e+00	2.836949e-07	1.240942e-05	1.851350e-05
1.044999999999995e+00	2.883171e-07	1.243346e-05	1.855053e-05
1.045999999999995e+00	2.930121e-07	1.245751e-05	1.858756e-05
1.046999999999995e+00	2.977811e-07	1.248155e-05	1.862460e-05
1.047999999999995e+00	3.026251e-07	1.250560e-05	1.866164e-05
1.048999999999995e+00	3.075453e-07	1.252965e-05	1.869868e-05
1.049999999999994e+00	3.125428e-07	1.255369e-05	1.873573e-05
1.050999999999994e+00	3.176186e-07	1.257774e-05	1.877278e-05
1.051999999999994e+00	3.227739e-07	1.260179e-05	1.880983e-05
1.052999999999994e+00	3.280099e-07	1.262584e-05	1.884689e-05
1.053999999999994e+00	3.333277e-07	1.264988e-05	1.888395e-05
1.054999999999994e+00	3.387285e-07	1.267393e-05	1.892102e-05
1.055999999999994e+00	3.442135e-07	1.269798e-05	1.895808e-05
1.056999999999994e+00	3.497838e-07	1.272203e-05	1.899515e-05
1.057999999999994e+00	3.554408e-07	1.274607e-05	1.903222e-05
1.058999999999994e+00	3.611856e-07	1.277012e-05	1.906930e-05
1.059999999999993e+00	3.670195e-07	1.279416e-05	1.910637e-05
1.060999999999993e+00	3.729437e-07	1.281821e-05	1.914345e-05
1.061999999999993e+00	3.789595e-07	1.284225e-05	1.918053e-05
1.062999999999993e+00	3.850681e-07	1.286630e-05	1.921761e-05
1.063999999999993e+00	3.912709e-07	1.289034e-05	1.925469e-05
1.064999999999993e+00	3.975692e-07	1.291438e-05	1.929177e-05
1.065999999999993e+00	4.039643e-07	1.293842e-05	1.932885e-05
1.066999999999993e+00	4.104575e-07	1.296245e-05	1.936594e-05
1.067999999999993e+00	4.170502e-07	1.298649e-05	1.940303e-05
1.068999999999992e+00	4.237437e-07	1.301052e-05	1.944011e-05
1.069999999999992e+00	4.305394e-07	1.303456e-05	1.947720e-05
1.070999999999992e+00	4.374387e-07	1.305859e-05	1.951428e-05
1.071999999999992e+00	4.444430e-07	1.308262e-05	1.955137e-05
1.072999999999992e+00	4.515537e-07	1.310664e-05	1.958845e-05
1.073999999999992e+00	4.587722e-07	1.313067e-05	1.962554e-05
1.074999999999992e+00	4.661000e-07	1.315469e-05	1.966262e-05
1.075999999999992e+00	4.735385e-07	1.317871e-05	1.969971e-05
1.076999999999992e+00	4.810892e-07	1.320272e-05	1.973679e-05
1.077999999999991e+00	4.887535e-07	1.322674e-05	1.977387e-05
1.078999999999991e+00	4.965330e-07	1.325074e-05	1.981095e-05
1.079999999999991e+00	5.044291e-07	1.327475e-05	1.984803e-05
1.080999999999991e+00	5.124434e-07	1.329876e-05	1.988510e-05
1.081999999999991e+00	5.205773e-07	1.332276e-05	1.992218e-05
1.082999999999991e+00	5.288325e-07	1.334675e-05	1.995925e-05
1.083999999999991e+00	5.372104e-07	1.337075e-05	1.999632e-05
1.084999999999991e+00	5.457126e-07	1.339474e-05	2.003339e-05
1.085999999999991e+00	5.543407e-07	1.341872e-05	2.007045e-05
1.086999999999990e+00	5.630963e-07	1.344270e-05	2.010751e-05
1.087999999999990e+00	5.719809e-07	1.346668e-05	2.014457e-05
1.088999999999990e+00	5.809962e-07	1.349065e-05	2.018162e-05
1.089999999999990e+00	5.901438e-07	1.351462e-05	2.021867e-05
1.090999999999990e+00	5.994252e-07	1.353858e-05	2.025572e-05
1.091999999999990e+00	6.088422e-07	1.356254e-05	2.029276e-05
1.092999999999990e+00	6.183964e-07	1.358649e-05	2.032980e-05
1.093999999999990e+00	6.280895e-07	1.361044e-05	2.036683e-05
1.094999999999990e+00	6.379230e-07	1.363438e-05	2.040385e-05
1.095999999999989e+00	6.478987e-07	1.365832e-05	2.044088e-05
1.096999999999989e+00	6.580183e-07	1.368225e-05	2.047789e-05
1.097999999999989e+00	6.682834e-07	1.370618e-05	2.051490e-05
1.098999999999989e+00	6.786958e-07	1.373010e-05	2.055190e-05
1.099999999999989e+00	6.892571e-07	1.375401e-05	2.058890e-05
1.100999999999989e+00	6.999691e-07	1.377792e-05	2.062590e-05
1.101999999999989e+00	7.108335e-07	1.380182e-05	2.066288e-05
1.102999999999989e+00	7.218521e-07	1.382571e-05	2.069986e-05
1.103999999999989e+00	7.330265e-07	1.384960e-05	2.073683e-05
1.104999999999988e+00	7.443585e-07	1.387348e-05	2.077379e-05
1.105999999999988e+00	7.558500e-07	1.389735e-05	2.081075e-05
1.106999999999988e+00	7.675025e-07	1.392122e-05	2.084770e-05
1.107999999999988e+00	7.793179e-07	1.394508e-05	2.088463e-05
1.108999999999988e+00	7.912980e-07	1.396893e-05	2.092157e-05
1.109999999999988e+00	8.034445e-07	1.399277e-05	2.095849e-05
1.110999999999988e+00	8.157593e-07	1.401661e-05	2.099540e-05
1.111999999999988e+00	8.282440e-07	1.404043e-05	2.103230e-05
1.112999999999988e+00	8.409006e-07	1.406425e-05	2.106920e-05
1.113999999999987e+00	8.537307e-07	1.408806e-05	2.110608e-05
1.114999999999987e+00	8.667362e-07	1.411186e-05	2.114295e-05
1.115999999999987e+00	8.799189e-07	1.413565e-05	2.117982e-05
1.116999999999987e+00	8.932806e-07	1.415944e-05	2.121667e-05
1.117999999999987e+00	9.068230e-07	1.418321e-05	2.125351e-05
1.118999999999987e+00	9.205481e-07	1.420697e-05	2.129034e-05
1.119999999999987e+00	9.344575e-07	1.423073e-05	2.132716e-05
1.120999999999987e+00	9.485531e-07	1.425447e-05	2.136397e-05
1.121999999999987e+00	9.628367e-07	1.427820e-05	2.140076e-05
1.122999999999986e+00	9.773102e-07	1.430193e-05	2.143754e-05
1.123999999999986e+00	9.919751e-07	1.432564e-05	2.147431e-05
1.124999999999986e+00	1.006833e-06	1.434934e-05	2.151107e-05
1.125999999999986e+00	1.021887e-06	1.437303e-05	2.154781e-05
1.126999999999986e+00	1.037138e-06	1.439671e-05	2.158454e-05
1.127999999999986e+00	1.052587e-06	1.442038e-05	2.162126e-05
1.128999999999986e+00	1.068237e-06	1.444404e-05	2.165796e-05
1.129999999999986e+00	1.084090e-06	1.446769e-05	2.169464e-05
1.130999999999986e+00	1.100147e-06	1.449132e-05	2.173131e-05
1.131999999999985e+00	1.116409e-06	1.451494e-05	2.176797e-05
1.132999999999985e+00	1.132879e-06	1.453855e-05	2.180461e-05
1.133999999999985e+00	1.149559e-06	1.456215e-05	2.184124e-05
1.134999999999985e+00	1.166450e-06	1.458573e-05	2.187784e-05
1.135999999999985e+00	1.183554e-06	1.460930e-05	2.191443e-05
1.136999999999985e+00	1.200873e-06	1.463286e-05	2.195101e-05
1.137999999999985e+00	1.218409e-06	1.465640e-05	2.198757e-05
1.138999999999985e+00	1.236162e-06	1.467993e-05	2.202411e-05
1.139999999999985e+00	1.254136e-06	1.470345e-05	2.206063e-05
1.140999999999984e+00	1.272331e-06	1.472695e-05	2.209713e-05
1.141999999999984e+00	1.290750e-06	1.475044e-05	2.213362e-05
1.142999999999984e+00	1.309394e-06	1.477391e-05	2.217009e-05
1.143999999999984e+00	1.328264e-06	1.479737e-05	2.220654e-05
1.144999999999984e+00	1.347363e-06	1.482082e-05	2.224296e-05
1.145999999999984e+00	1.366692e-06	1.484425e-05	2.227937e-05
1.146999999999984e+00	1.386253e-06	1.486766e-05	2.231576e-05
1.147999999999984e+00	1.406047e-06	1.489106e-05	2.235213e-05
1.148999999999984e+00	1.426076e-06	1.491444e-05	2.238848e-05
1.149999999999983e+00	1.446342e-06	1.493780e-05	2.242480e-05
1.150999999999983e+00	1.466846e-06	1.496115e-05	2.246111e-05
1.151999999999983e+00	1.487590e-06	1.498449e-05	2.249739e-05
1.152999999999983e+00	1.508575e-06	1.500780e-05	2.253365e-05
1.153999999999983e+00	1.529802e-06	1.503110e-05	2.256989e-05
1.154999999999983e+00	1.551275e-06	1.505438e-05	2.260610e-05
1.155999999999983e+00	1.572993e-06	1.507765e-05	2.264229e-05
1.156999999999983e+00	1.594958e-06	1.510089e-05	2.267846e-05
1.157999999999983e+00	1.617172e-06	1.512412e-05	2.271460e-05
1.158999999999982e+00	1.639637e-06	1.514733e-05	2.275072e-05
1.159999999999982e+00	1.662353e-06	1.517052e-05	2.278682e-05
1.160999999999982e+00	1.685322e-06	1.519369e-05	2.282289e-05
1.161999999999982e+00	1.708545e-06	1.521685e-05	2.285893e-05
1.162999999999982e+00	1.732025e-06	1.523998e-05	2.289495e-05
1.163999999999982e+00	1.755762e-06	1.526310e-05	2.293094e-05
1.164999999999982e+00	1.779757e-06	1.528619e-05	2.296690e-05
1.165999999999982e+00	1.804012e-06	1.530927e-05	2.300284e-05
1.166999999999982e+00	1.828527e-06	1.533233e-05	2.303875e-05
1.167999999999981e+00	1.853305e-06	1.535536e-05	2.307464e-05
1.168999999999981e+00	1.878347e-06	1.537837e-05	2.311049e-05
1.169999999999981e+00	1.903653e-06	1.540137e-05	2.314632e-05
1.170999999999981e+00	1.929225e-06	1.542434e-05	2.318211e-05
1.171999999999981e+00	1.955064e-06	1.544729e-05	2.321788e-05
1.172999999999981e+00	1.981171e-06	1.547022e-05	2.325362e-05
1.173999999999981e+00	2.007548e-06	1.549313e-05	2.328933e-05
1.174999999999981e+00	2.034194e-06	1.551601e-05	2.332501e-05
1.175999999999981e+00	2.061112e-06	1.553888e-05	2.336066e-05
1.176999999999981e+00	2.088302e-06	1.556172e-05	2.339627e-05
1.177999999999980e+00	2.115765e-06	1.558453e-05	2.343186e-05
1.178999999999980e+00	2.143502e-06	1.560733e-05	2.346741e-05
1.179999999999980e+00	2.171514e-06	1.563010e-05	2.350293e-05
1.180999999999980e+00	2.199803e-06	1.565284e-05	2.353842e-05
1.181999999999980e+00	2.228367e-06	1.567557e-05	2.357388e-05
1.182999999999980e+00	2.257210e-06	1.569827e-05	2.360930e-05
1.183999999999980e+00	2.286331e-06	1.572094e-05	2.364468e-05
1.184999999999980e+00	2.315730e-06	1.574359e-05	2.368004e-05
1.185999999999980e+00	2.345410e-06	1.576621e-05	2.371536e-05
1.186999999999979e+00	2.375370e-06	1.578881e-05	2.375064e-05
1.187999999999979e+00	2.405611e-06	1.581139e-05	2.378589e-05
1.188999999999979e+00	2.436133e-06	1.583393e-05	2.382110e-05
1.189999999999979e+00	2.466938e-06	1.585645e-05	2.385628e-05
1.190999999999979e+00	2.498026e-06	1.587895e-05	2.389142e-05
1.191999999999979e+00	2.529397e-06	1.590142e-05	2.392652e-05
1.192999999999979e+00	2.561052e-06	1.592386e-05	2.396159e-05
1.193999999999979e+00	2.592991e-06	1.594627e-05	2.399662e-05
1.194999999999979e+00	2.625214e-06	1.596866e-05	2.403161e-05
1.195999999999978e+00	2.657723e-06	1.599102e-05	2.406656e-05
1.196999999999978e+00	2.690517e-06	1.601335e-05	2.410147e-05
1.197999999999978e+00	2.723596e-06	1.603566e-05	2.413634e-05
1.198999999999978e+00	2.756961e-06	1.605793e-05	2.417118e-05
1.199999999999978e+00	2.790612e-06	1.608018e-05	2.420597e-05
1.200999999999978e+00	2.824549e-06	1.610240e-05	2.424072e-05
1.201999999999978e+00	2.858772e-06	1.612458e-05	2.427543e-05
1.202999999999978e+00	2.893282e-06	1.614674e-05	2.431010e-05
1.203999999999978e+00	2.928078e-06	1.616887e-05	2.434473e-05
1.204999999999977e+00	2.963160e-06	1.619097e-05	2.437931e-05
1.205999999999977e+00	2.998529e-06	1.621304e-05	2.441386e-05
1.206999999999977e+00	3.034184e-06	1.623508e-05	2.444836e-05
1.207999999999977e+00	3.070125e-06	1.625709e-05	2.448282e-05
1.208999999999977e+00	3.106352e-06	1.627906e-05	2.451723e-05
1.209999999999977e+00	3.142866e-06	1.630101e-05	2.455159e-05
1.210999999999977e+00	3.179664e-06	1.632292e-05	2.458592e-05
1.211999999999977e+00	3.216748e-06	1.634480e-05	2.462020e-05
1.212999999999977e+00	3.254117e-06	1.636665e-05	2.465443e-05
1.213999999999976e+00	3.291771e-06	1.638847e-05	2.468862e-05
1.214999999999976e+00	3.329709e-06	1.641025e-05	2.472276e-05
1.215999999999976e+00	3.367931e-06	1.643200e-05	2.475686e-05
1.216999999999976e+00	3.406437e-06	1.645372e-05	2.479090e-05
1.217999999999976e+00	3.445225e-06	1.647541e-05	2.482490e-05
1.218999999999976e+00	3.484296e-06	1.649706e-05	2.485885e-05
1.219999999999976e+00	3.523648e-06	1.651867e-05	2.489276e-05
1.220999999999976e+00	3.563281e-06	1.654025e-05	2.492661e-05
1.221999999999976e+00	3.603195e-06	1.656180e-05	2.496042e-05
1.222999999999975e+00	3.643389e-06	1.658331e-05	2.499418e-05
1.223999999999975e+00	3.683861e-06	1.660479e-05	2.502788e-05
1.224999999999975e+00	3.724612e-06	1.662623e-05	2.506154e-05
1.225999999999975e+00	3.765640e-06	1.664764e-05	2.509514e-05
1.226999999999975e+00	3.806944e-06	1.666901e-05	2.512870e-05
1.227999999999975e+00	3.848524e-06	1.669034e-05	2.516220e-05
1.228999999999975e+00	3.890379e-06	1.671164e-05	2.519565e-05
1.229999999999975e+00	3.932506e-06	1.673290e-05	2.522905e-05
1.230999999999975e+00	3.974907e-06	1.675413e-05	2.526240e-05
1.231999999999974e+00	4.017579e-06	1.677532e-05	2.529569e-05
1.232999999999974e+00	4.060521e-06	1.679646e-05	2.532893e-05
1.233999999999974e+00	4.103733e-06	1.681758e-05	2.536211e-05
1.234999999999974e+00	4.147213e-06	1.683865e-05	2.539524e-05
1.235999999999974e+00	4.190959e-06	1.685968e-05	2.542832e-05
1.236999999999974e+00	4.234971e-06	1.688068e-05	2.546134e-05
1.237999999999974e+00	4.279246e-06	1.690164e-05	2.549430e-05
1.238999999999974e+00	4.323785e-06	1.692256e-05	2.552721e-05
1.239999999999974e+00	4.368585e-06	1.694344e-05	2.556006e-05
1.240999999999973e+00	4.413645e-06	1.696427e-05	2.559286e-05
1.241999999999973e+00	4.458964e-06	1.698507e-05	2.562560e-05
1.242999999999973e+00	4.504539e-06	1.700583e-05	2.565828e-05
1.243999999999973e+00	4.550370e-06	1.702655e-05	2.569090e-05
1.244999999999973e+00	4.596455e-06	1.704723e-05	2.572346e-05
1.245999999999973e+00	4.642793e-06	1.706787e-05	2.575597e-05
1.246999999999973e+00	4.689380e-06	1.708846e-05	2.578842e-05
1.247999999999973e+00	4.736217e-06	1.710902e-05	2.582080e-05
1.248999999999973e+00	4.783301e-06	1.712953e-05	2.585313e-05
1.249999999999972e+00	4.830631e-06	1.715000e-05	2.588540e-05
1.250999999999972e+00	4.878204e-06	1.717043e-05	2.591760e-05
1.251999999999972e+00	4.926019e-06	1.719081e-05	2.594974e-05
1.252999999999972e+00	4.974074e-06	1.721116e-05	2.598183e-05
1.253999999999972e+00	5.022367e-06	1.723146e-05	2.601385e-05
1.254999999999972e+00	5.070896e-06	1.725171e-05	2.604581e-05
1.255999999999972e+00	5.119659e-06	1.727193e-05	2.607770e-05
1.256999999999972e+00	5.168655e-06	1.729210e-05	2.610954e-05
1.257999999999972e+00	5.217881e-06	1.731222e-05	2.614130e-05
1.258999999999971e+00	5.267334e-06	1.733230e-05	2.617301e-05
1.259999999999971e+00	5.317014e-06	1.735234e-05	2.620465e-05
1.260999999999971e+00	5.366918e-06	1.737233e-05	2.623623e-05
1.261999999999971e+00	5.417044e-06	1.739227e-05	2.626774e-05
1.262999999999971e+00	5.467388e-06	1.741218e-05	2.629918e-05
1.263999999999971e+00	5.517951e-06	1.743203e-05	2.633056e-05
1.264999999999971e+00	5.568728e-06	1.745184e-05	2.636188e-05
1.265999999999971e+00	5.619719e-06	1.747160e-05	2.639312e-05
1.266999999999971e+00	5.670920e-06	1.749132e-05	2.642430e-05
1.267999999999970e+00	5.722328e-06	1.751099e-05	2.645542e-05
1.268999999999970e+00	5.773943e-06	1.753062e-05	2.648646e-05
1.269999999999970e+00	5.825761e-06	1.755019e-05	2.651744e-05
1.270999999999970e+00	5.877781e-06	1.756972e-05	2.654835e-05
1.271999999999970e+00	5.929999e-06	1.758921e-05	2.657919e-05
1.272999999999970e+00	5.982413e-06	1.760864e-05	2.660996e-05
1.273999999999970e+00	6.035021e-06	1.762803e-05	2.664066e-05
1.274999999999970e+00	6.087820e-06	1.764737e-05	2.667129e-05
1.275999999999970e+00	6.140808e-06	1.766665e-05	2.670185e-05
1.276999999999969e+00	6.193981e-06	1.768590e-05	2.673234e-05
1.277999999999969e+00	6.247339e-06	1.770509e-05	2.676277e-05
1.278999999999969e+00	6.300877e-06	1.772423e-05	2.679311e-05
1.279999999999969e+00	6.354593e-06	1.774332e-05	2.682339e-05
1.280999999999969e+00	6.408485e-06	1.776237e-05	2.685360e-05
1.281999999999969e+00	6.462550e-06	1.778136e-05	2.688373e-05
1.282999999999969e+00	6.516786e-06	1.780031e-05	2.691379e-05
1.283999999999969e+00	6.571188e-06	1.781920e-05	2.694378e-05
1.284999999999969e+00	6.625756e-06	1.783805e-05	2.697369e-05
1.285999999999969e+00	6.680486e-06	1.785684e-05	2.700353e-05
1.286999999999968e+00	6.735375e-06	1.787558e-05	2.703330e-05
1.287999999999968e+00	6.790421e-06	1.789427e-05	2.706299e-05
1.288999999999968e+00	6.845621e-06	1.791291e-05	2.709261e-05
1.289999999999968e+00	6.900972e-06	1.793150e-05	2.712215e-05
1.290999999999968e+00	6.956470e-06	1.795003e-05	2.715162e-05
1.291999999999968e+00	7.012115e-06	1.796852e-05	2.718101e-05
1.292999999999968e+00	7.067902e-06	1.798695e-05	2.721032e-05
1.293999999999968e+00	7.123828e-06	1.800533e-05	2.723956e-05
1.294999999999968e+00	7.179891e-06	1.802366e-05	2.726872e-05
1.295999999999967e+00	7.236088e-06	1.804193e-05	2.729781e-05
1.296999999999967e+00	7.292416e-06	1.806015e-05	2.732682e-05
1.297999999999967e+00	7.348872e-06	1.807832e-05	2.735575e-05
1.298999999999967e+00	7.405453e-06	1.809643e-05	2.738461e-05
1.299999999999967e+00	7.462157e-06	1.811450e-05	2.741338e-05
1.300999999999967e+00	7.518979e-06	1.813250e-05	2.744208e-05
1.301999999999967e+00	7.575919e-06	1.815046e-05	2.747070e-05
1.302999999999967e+00	7.632971e-06	1.816836e-05	2.749924e-05
1.303999999999967e+00	7.690133e-06	1.818620e-05	2.752770e-05
1.304999999999966e+00	7.747404e-06	1.820399e-05	2.755608e-05
1.305999999999966e+00	7.804779e-06	1.822173e-05	2.758438e-05
1.306999999999966e+00	7.862254e-06	1.823941e-05	2.761260e-05
1.307999999999966e+00	7.919829e-06	1.825703e-05	2.764074e-05
1.308999999999966e+00	7.977499e-06	1.827460e-05	2.766880e-05
1.309999999999966e+00	8.035262e-06	1.829212e-05	2.769678e-05
1.310999999999966e+00	8.093114e-06	1.830958e-05	2.772468e-05
1.311999999999966e+00	8.151053e-06	1.832698e-05	2.775250e-05
1.312999999999966e+00	8.209076e-06	1.834433e-05	2.778023e-05
1.313999999999965e+00	8.267178e-06	1.836162e-05	2.780788e-05
1.314999999999965e+00	8.325358e-06	1.837886e-05	2.783546e-05
1.315999999999965e+00	8.383613e-06	1.839604e-05	2.786294e-05
1.316999999999965e+00	8.441939e-06	1.841316e-05	2.789035e-05
1.317999999999965e+00	8.500334e-06	1.843023e-05	2.791767e-05
1.318999999999965e+00	8.558794e-06	1.844724e-05	2.794492e-05
1.319999999999965e+00	8.617317e-06	1.846419e-05	2.797207e-05
1.320999999999965e+00	8.675899e-06	1.848109e-05	2.799915e-05
1.321999999999965e+00	8.734538e-06	1.849793e-05	2.802614e-05
1.322999999999964e+00	8.793230e-06	1.851471e-05	2.805304e-05
1.323999999999964e+00	8.851973e-06	1.853143e-05	2.807986e-05
1.324999999999964e+00	8.910763e-06	1.854810e-05	2.810660e-05
1.325999999999964e+00	8.969599e-06	1.856470e-05	2.813326e-05
1.326999999999964e+00	9.028475e-06	1.858126e-05	2.815983e-05
1.327999999999964e+00	9.087390e-06	1.859775e-05	2.818631e-05
1.328999999999964e+00	9.146341e-06	1.861418e-05	2.821271e-05
1.329999999999964e+00	9.205324e-06	1.863056e-05	2.823902e-05
1.330999999999964e+00	9.264339e-06	1.864688e-05	2.826525e-05
1.331999999999963e+00	9.323378e-06	1.866314e-05	2.829139e-05
1.332999999999963e+00	9.382443e-06	1.867934e-05	2.831745e-05
1.333999999999963e+00	9.441528e-06	1.869548e-05	2.834342e-05
1.334999999999963e+00	9.500633e-06	1.871156e-05	2.836930e-05
1.335999999999963e+00	9.559752e-06	1.872759e-05	2.839510e-05
1.336999999999963e+00	9.618882e-06	1.874355e-05	2.842081e-05
1.337999999999963e+00	9.678023e-06	1.875946e-05	2.844644e-05
1.338999999999963e+00	9.737171e-06	1.877531e-05	2.847198e-05
1.339999999999963e+00	9.796323e-06	1.879110e-05	2.849743e-05
1.340999999999962e+00	9.855476e-06	1.880683e-05	2.852279e-05
1.341999999999962e+00	9.914626e-06	1.882249e-05	2.854807e-05
1.342999999999962e+00	9.973773e-06	1.883811e-05	2.857326e-05
1.343999999999962e+00	1.003291e-05	1.885366e-05	2.859837e-05
1.344999999999962e+00	1.009204e-05	1.886915e-05	2.862338e-05
1.345999999999962e+00	1.015116e-05	1.888458e-05	2.864831e-05
1.346999999999962e+00	1.021026e-05	1.889995e-05	2.867315e-05
1.347999999999962e+00	1.026934e-05	1.891527e-05	2.869790e-05
1.348999999999962e+00	1.032840e-05	1.893052e-05	2.872257e-05
1.349999999999961e+00	1.038744e-05	1.894571e-05	2.874714e-05
1.350999999999961e+00	1.044645e-05	1.896084e-05	2.877163e-05
1.351999999999961e+00	1.050543e-05	1.897592e-05	2.879603e-05
1.352999999999961e+00	1.056438e-05	1.899093e-05	2.882035e-05
1.353999999999961e+00	1.062330e-05	1.900588e-05	2.884457e-05
1.354999999999961e+00	1.068218e-05	1.902077e-05	2.886871e-05
1.355999999999961e+00	1.074102e-05	1.903561e-05	2.889275e-05
1.356999999999961e+00	1.079981e-05	1.905038e-05	2.891671e-05
1.357999999999961e+00	1.085857e-05	1.906509e-05	2.894059e-05
1.358999999999960e+00	1.091727e-05	1.907974e-05	2.896437e-05
1.359999999999960e+00	1.097593e-05	1.909434e-05	2.898806e-05
1.360999999999960e+00	1.103453e-05	1.910887e-05	2.901167e-05
1.361999999999960e+00	1.109309e-05	1.912334e-05	2.903518e-05
1.362999999999960e+00	1.115158e-05	1.913775e-05	2.905861e-05
1.363999999999960e+00	1.121001e-05	1.915210e-05	2.908195e-05
1.364999999999960e+00	1.126838e-05	1.916639e-05	2.910520e-05
1.365999999999960e+00	1.132669e-05	1.918062e-05	2.912836e-05
1.366999999999960e+00	1.138494e-05	1.919479e-05	2.915144e-05
1.367999999999959e+00	1.144311e-05	1.920890e-05	2.917442e-05
1.368999999999959e+00	1.150121e-05	1.922295e-05	2.919732e-05
1.369999999999959e+00	1.155924e-05	1.923694e-05	2.922012e-05
1.370999999999959e+00	1.161719e-05	1.925087e-05	2.924284e-05
1.371999999999959e+00	1.167507e-05	1.926474e-05	2.926547e-05
1.372999999999959e+00	1.173286e-05	1.927855e-05	2.928801e-05
1.373999999999959e+00	1.179058e-05	1.929229e-05	2.931047e-05
1.374999999999959e+00	1.184821e-05	1.930598e-05	2.933283e-05
1.375999999999959e+00	1.190575e-05	1.931961e-05	2.935510e-05
1.376999999999958e+00	1.196320e-05	1.933318e-05	2.937729e-05
1.377999999999958e+00	1.202057e-05	1.934669e-05	2.939939e-05
1.378999999999958e+00	1.207784e-05	1.936014e-05	2.942140e-05
1.379999999999958e+00	1.213501e-05	1.937352e-05	2.944332e-05
1.380999999999958e+00	1.219209e-05	1.938685e-05	2.946515e-05
1.381999999999958e+00	1.224907e-05	1.940012e-05	2.948690e-05
1.382999999999958e+00	1.230595e-05	1.941333e-05	2.950855e-05
1.383999999999958e+00	1.236272e-05	1.942648e-05	2.953012e-05
1.384999999999958e+00	1.241939e-05	1.943957e-05	2.955160e-05
1.385999999999957e+00	1.247596e-05	1.945259e-05	2.957300e-05
1.386999999999957e+00	1.253241e-05	1.946556e-05	2.959430e-05
1.387999999999957e+00	1.258876e-05	1.947847e-05	2.961551e-05
1.388999999999957e+00	1.264499e-05	1.949132e-05	2.963664e-05
1.389999999999957e+00	1.270111e-05	1.950411e-05	2.965768e-05
1.390999999999957e+00	1.275711e-05	1.951684e-05	2.967864e-05
1.391999999999957e+00	1.281300e-05	1.952952e-05	2.969950e-05
1.392999999999957e+00	1.286876e-05	1.954213e-05	2.972028e-05
1.393999999999957e+00	1.292440e-05	1.955468e-05	2.974097e-05
1.394999999999956e+00	1.297992e-05	1.956718e-05	2.976157e-05
1.395999999999956e+00	1.303532e-05	1.957961e-05	2.978209e-05
1.396999999999956e+00	1.309059e-05	1.959199e-05	2.980252e-05
1.397999999999956e+00	1.314573e-05	1.960431e-05	2.982286e-05
1.398999999999956e+00	1.320074e-05	1.961656e-05	2.984311e-05
1.399999999999956e+00	1.325562e-05	1.962876e-05	2.986328e-05
1.400999999999956e+00	1.331037e-05	1.964091e-05	2.988336e-05
1.401999999999956e+00	1.336498e-05	1.965299e-05	2.990336e-05
1.402999999999956e+00	1.341945e-05	1.966501e-05	2.992327e-05
1.403999999999956e+00	1.347379e-05	1.967698e-05	2.994309e-05
1.404999999999955e+00	1.352799e-05	1.968888e-05	2.996282e-05
1.405999999999955e+00	1.358205e-05	1.970073e-05	2.998247e-05
1.406999999999955e+00	1.363596e-05	1.971252e-05	3.000203e-05
1.407999999999955e+00	1.368973e-05	1.972425e-05	3.002151e-05
1.408999999999955e+00	1.374336e-05	1.973593e-05	3.004090e-05
1.409999999999955e+00	1.379684e-05	1.974754e-05	3.006021e-05
1.410999999999955e+00	1.385017e-05	1.975910e-05	3.007943e-05
1.411999999999955e+00	1.390335e-05	1.977060e-05	3.009856e-05
1.412999999999955e+00	1.395638e-05	1.978204e-05	3.011762e-05
1.413999999999954e+00	1.400926e-05	1.979343e-05	3.013658e-05
1.414999999999954e+00	1.406198e-05	1.980476e-05	3.015546e-05
1.415999999999954e+00	1.411455e-05	1.981603e-05	3.017425e-05
1.416999999999954e+00	1.416697e-05	1.982724e-05	3.019296e-05
1.417999999999954e+00	1.421922e-05	1.983840e-05	3.021159e-05
1.418999999999954e+00	1.427132e-05	1.984949e-05	3.023013e-05
1.419999999999954e+00	1.432325e-05	1.986053e-05	3.024858e-05
1.420999999999954e+00	1.437502e-05	1.987152e-05	3.026695e-05
1.421999999999954e+00	1.442663e-05	1.988244e-05	3.028524e-05
1.422999999999953e+00	1.447808e-05	1.989331e-05	3.030344e-05
1.423999999999953e+00	1.452935e-05	1.990413e-05	3.032156e-05
1.424999999999953e+00	1.458047e-05	1.991488e-05	3.033960e-05
1.425999999999953e+00	1.463141e-05	1.992558e-05	3.035755e-05
1.426999999999953e+00	1.468218e-05	1.993623e-05	3.037542e-05
1.427999999999953e+00	1.473278e-05	1.994681e-05	3.039320e-05
1.428999999999953e+00	1.478321e-05	1.995734e-05	3.041090e-05
1.429999999999953e+00	1.483347e-05	1.996782e-05	3.042852e-05
1.430999999999953e+00	1.488355e-05	1.997824e-05	3.044605e-05
1.431999999999952e+00	1.493346e-05	1.998860e-05	3.046350e-05
1.432999999999952e+00	1.498319e-05	1.999890e-05	3.048087e-05
1.433999999999952e+00	1.503274e-05	2.000915e-05	3.049815e-05
1.434999999999952e+00	1.508211e-05	2.001935e-05	3.051535e-05
1.435999999999952e+00	1.513130e-05	2.002949e-05	3.053247e-05
1.436999999999952e+00	1.518031e-05	2.003957e-05	3.054951e-05
1.437999999999952e+00	1.522913e-05	2.004959e-05	3.056646e-05
1.438999999999952e+00	1.527778e-05	2.005956e-05	3.058333e-05
1.439999999999952e+00	1.532623e-05	2.006948e-05	3.060012e-05
1.440999999999951e+00	1.537450e-05	2.007934e-05	3.061683e-05
1.441999999999951e+00	1.542258e-05	2.008914e-05	3.063345e-05
1.442999999999951e+00	1.547047e-05	2.009889e-05	3.064999e-05
1.443999999999951e+00	1.551817e-05	2.010858e-05	3.066645e-05
1.444999999999951e+00	1.556568e-05	2.011822e-05	3.068282e-05
1.445999999999951e+00	1.561300e-05	2.012780e-05	3.069912e-05
1.446999999999951e+00	1.566012e-05	2.013732e-05	3.071533e-05
1.447999999999951e+00	1.570704e-05	2.014680e-05	3.073146e-05
1.448999999999951e+00	1.575377e-05	2.015621e-05	3.074751e-05
1.449999999999950e+00	1.580031e-05	2.016557e-05	3.076348e-05
1.450999999999950e+00	1.584664e-05	2.017488e-05	3.077936e-05
1.451999999999950e+00	1.589277e-05	2.018413e-05	3.079517e-05
1.452999999999950e+00	1.593871e-05	2.019332e-05	3.081089e-05
1.453999999999950e+00	1.598443e-05	2.020246e-05	3.082653e-05
1.454999999999950e+00	1.602996e-05	2.021155e-05	3.084209e-05
1.455999999999950e+00	1.607528e-05	2.022058e-05	3.085756e-05
1.456999999999950e+00	1.612040e-05	2.022956e-05	3.087296e-05
1.457999999999950e+00	1.616531e-05	2.023848e-05	3.088827e-05
1.458999999999949e+00	1.621001e-05	2.024734e-05	3.090350e-05
1.459999999999949e+00	1.625449e-05	2.025615e-05	3.091865e-05
1.460999999999949e+00	1.629877e-05	2.026491e-05	3.093372e-05
1.461999999999949e+00	1.634284e-05	2.027361e-05	3.094871e-05
1.462999999999949e+00	1.638669e-05	2.028225e-05	3.096361e-05
1.463999999999949e+00	1.643033e-05	2.029084e-05	3.097844e-05
1.464999999999949e+00	1.647375e-05	2.029938e-05	3.099318e-05
1.465999999999949e+00	1.651696e-05	2.030786e-05	3.100784e-05
1.466999999999949e+00	1.655994e-05	2.031629e-05	3.102242e-05
1.467999999999948e+00	1.660271e-05	2.032466e-05	3.103692e-05
1.468999999999948e+00	1.664526e-05	2.033297e-05	3.105134e-05
1.469999999999948e+00	1.668758e-05	2.034123e-05	3.106567e-05
1.470999999999948e+00	1.672968e-05	2.034944e-05	3.107992e-05
1.471999999999948e+00	1.677156e-05	2.035759e-05	3.109409e-05
1.472999999999948e+00	1.681321e-05	2.036569e-05	3.110818e-05
1.473999999999948e+00	1.685463e-05	2.037373e-05	3.112219e-05
1.474999999999948e+00	1.689583e-05	2.038172e-05	3.113611e-05
1.475999999999948e+00	1.693679e-05	2.038965e-05	3.114996e-05
1.476999999999947e+00	1.697753e-05	2.039753e-05	3.116372e-05
1.477999999999947e+00	1.701803e-05	2.040535e-05	3.117740e-05
1.478999999999947e+00	1.705830e-05	2.041311e-05	3.119100e-05
1.479999999999947e+00	1.709833e-05	2.042082e-05	3.120452e-05
1.480999999999947e+00	1.713813e-05	2.042848e-05	3.121795e-05
1.481999999999947e+00	1.717769e-05	2.043608e-05	3.123130e-05
1.482999999999947e+00	1.721701e-05	2.044363e-05	3.124457e-05
1.483999999999947e+00	1.725609e-05	2.045112e-05	3.125776e-05
1.484999999999947e+00	1.729494e-05	2.045855e-05	3.127087e-05
1.485999999999946e+00	1.733354e-05	2.046593e-05	3.128389e-05
1.486999999999946e+00	1.737189e-05	2.047326e-05	3.129683e-05
1.487999999999946e+00	1.741000e-05	2.048053e-05	3.130969e-05
1.488999999999946e+00	1.744787e-05	2.048774e-05	3.132246e-05
1.489999999999946e+00	1.748549e-05	2.049490e-05	3.133516e-05
1.490999999999946e+00	1.752286e-05	2.050200e-05	3.134777e-05
1.491999999999946e+00	1.755998e-05	2.050905e-05	3.136029e-05
1.492999999999946e+00	1.759685e-05	2.051604e-05	3.137274e-05
1.493999999999946e+00	1.763347e-05	2.052298e-05	3.138511e-05
1.494999999999945e+00	1.766983e-05	2.052986e-05	3.139738e-05
1.495999999999945e+00	1.770594e-05	2.053669e-05	3.140958e-05
1.496999999999945e+00	1.774180e-05	2.054346e-05	3.142169e-05
1.497999999999945e+00	1.777740e-05	2.055017e-05	3.143372e-05
1.498999999999945e+00	1.781274e-05	2.055683e-05	3.144567e-05
1.499999999999945e+00	1.784782e-05	2.056343e-05	3.145753e-05
1.500999999999945e+00	1.788264e-05	2.056998e-05	3.146932e-05
1.501999999999945e+00	1.791721e-05	2.057647e-05	3.148101e-05
1.502999999999945e+00	1.795150e-05	2.058290e-05	3.149263e-05
1.503999999999944e+00	1.798554e-05	2.058928e-05	3.150416e-05
1.504999999999944e+00	1.801931e-05	2.059560e-05	3.151561e-05
1.505999999999944e+00	1.805282e-05	2.060187e-05	3.152697e-05
1.506999999999944e+00	1.808606e-05	2.060808e-05	3.153825e-05
1.507999999999944e+00	1.811903e-05	2.061424e-05	3.154945e-05
1.508999999999944e+00	1.815174e-05	2.062034e-05	3.156056e-05
1.509999999999944e+00	1.818417e-05	2.062638e-05	3.157159e-05
1.510999999999944e+00	1.821634e-05	2.063237e-05	3.158254e-05
1.511999999999944e+00	1.824823e-05	2.063830e-05	3.159340e-05
1.512999999999944e+00	1.827985e-05	2.064418e-05	3.160418e-05
1.513999999999943e+00	1.831120e-05	2.065000e-05	3.161488e-05
1.514999999999943e+00	1.834228e-05	2.065576e-05	3.162549e-05
1.515999999999943e+00	1.837308e-05	2.066147e-05	3.163602e-05
1.516999999999943e+00	1.840361e-05	2.066712e-05	3.164646e-05
1.517999999999943e+00	1.843386e-05	2.067271e-05	3.165682e-05
1.518999999999943e+00	1.846384e-05	2.067825e-05	3.166710e-05
1.519999999999943e+00	1.849353e-05	2.068374e-05	3.167729e-05
1.520999999999943e+00	1.852295e-05	2.068917e-05	3.168740e-05
1.521999999999943e+00	1.855210e-05	2.069454e-05	3.169743e-05
1.522999999999942e+00	1.858096e-05	2.069985e-05	3.170738e-05
1.523999999999942e+00	1.860955e-05	2.070511e-05	3.171723e-05
1.524999999999942e+00	1.863785e-05	2.071032e-05	3.172701e-05
1.525999999999942e+00	1.866588e-05	2.071547e-05	3.173670e-05
1.526999999999942e+00	1.869362e-05	2.072056e-05	3.174632e-05
1.527999999999942e+00	1.872109e-05	2.072560e-05	3.175584e-05
1.528999999999942e+00	1.874827e-05	2.073059e-05	3.176529e-05
1.529999999999942e+00	1.877517e-05	2.073551e-05	3.177465e-05
1.530999999999942e+00	1.880179e-05	2.074039e-05	3.178393e-05
1.531999999999941e+00	1.882813e-05	2.074520e-05	3.179313e-05
1.532999999999941e+00	1.885419e-05	2.074997e-05	3.180224e-05
1.533999999999941e+00	1.887997e-05	2.075467e-05	3.181128e-05
1.534999999999941e+00	1.890546e-05	2.075933e-05	3.182023e-05
1.535999999999941e+00	1.893068e-05	2.076393e-05	3.182909e-05
1.536999999999941e+00	1.895561e-05	2.076847e-05	3.183788e-05
1.537999999999941e+00	1.898026e-05	2.077296e-05	3.184659e-05
1.538999999999941e+00	1.900464e-05	2.077740e-05	3.185521e-05
1.539999999999941e+00	1.902873e-05	2.078178e-05	3.186376e-05
1.540999999999940e+00	1.905254e-05	2.078610e-05	3.187222e-05
1.541999999999940e+00	1.907607e-05	2.079038e-05	3.188061e-05
1.542999999999940e+00	1.909932e-05	2.079460e-05	3.188891e-05
1.543999999999940e+00	1.912230e-05	2.079877e-05	3.189713e-05
1.544999999999940e+00	1.914499e-05	2.080288e-05	3.190528e-05
1.545999999999940e+00	1.916741e-05	2.080695e-05	3.191334e-05
1.546999999999940e+00	1.918956e-05	2.081095e-05	3.192133e-05
1.547999999999940e+00	1.921142e-05	2.081491e-05	3.192924e-05
1.548999999999940e+00	1.923302e-05	2.081882e-05	3.193707e-05
1.549999999999939e+00	1.925434e-05	2.082267e-05	3.194482e-05
1.550999999999939e+00	1.927538e-05	2.082647e-05	3.195250e-05
1.551999999999939e+00	1.929616e-05	2.083022e-05	3.196009e-05
1.552999999999939e+00	1.931666e-05	2.083392e-05	3.196762e-05
1.553999999999939e+00	1.933690e-05	2.083757e-05	3.197507e-05
1.554999999999939e+00	1.935686e-05	2.084117e-05	3.198244e-05
1.555999999999939e+00	1.937656e-05	2.084472e-05	3.198973e-05
1.556999999999939e+00	1.939600e-05	2.084822e-05	3.199695e-05
1.557999999999939e+00	1.941517e-05	2.085167e-05	3.200410e-05
1.558999999999938e+00	1.943408e-05	2.085507e-05	3.201118e-05
1.559999999999938e+00	1.945273e-05	2.085842e-05	3.201818e-05
1.560999999999938e+00	1.947111e-05	2.086173e-05	3.202511e-05
1.561999999999938e+00	1.948924e-05	2.086499e-05	3.203196e-05
1.562999999999938e+00	1.950712e-05	2.086819e-05	3.203875e-05
1.563999999999938e+00	1.952474e-05	2.087136e-05	3.204546e-05
1.564999999999938e+00	1.954211e-05	2.087447e-05	3.205211e-05
1.565999999999938e+00	1.955923e-05	2.087754e-05	3.205868e-05
1.566999999999938e+00	1.957610e-05	2.088056e-05	3.206519e-05
1.567999999999937e+00	1.959272e-05	2.088354e-05	3.207163e-05
1.568999999999937e+00	1.960910e-05	2.088647e-05	3.207800e-05
1.569999999999937e+00	1.962523e-05	2.088936e-05	3.208430e-05
1.570999999999937e+00	1.964113e-05	2.089220e-05	3.209054e-05
1.571999999999937e+00	1.965679e-05	2.089500e-05	3.209671e-05
1.572999999999937e+00	1.967222e-05	2.089776e-05	3.210282e-05
1.573999999999937e+00	1.968741e-05	2.090047e-05	3.210886e-05
1.574999999999937e+00	1.970236e-05	2.090315e-05	3.211484e-05
1.575999999999937e+00	1.971710e-05	2.090578e-05	3.212076e-05
1.576999999999936e+00	1.973160e-05	2.090836e-05	3.212661e-05
1.577999999999936e+00	1.974588e-05	2.091091e-05	3.213240e-05
1.578999999999936e+00	1.975994e-05	2.091342e-05	3.213814e-05
1.579999999999936e+00	1.977378e-05	2.091589e-05	3.214381e-05
1.580999999999936e+00	1.978741e-05	2.091831e-05	3.214942e-05
1.581999999999936e+00	1.980081e-05	2.092070e-05	3.215497e-05
1.582999999999936e+00	1.981402e-05	2.092305e-05	3.216047e-05
1.583999999999936e+00	1.982700e-05	2.092536e-05	3.216591e-05
1.584999999999936e+00	1.983979e-05	2.092764e-05	3.217129e-05
1.585999999999935e+00	1.985237e-05	2.092988e-05	3.217662e-05
1.586999999999935e+00	1.986475e-05	2.093208e-05	3.218190e-05
1.587999999999935e+00	1.987694e-05	2.093425e-05	3.218712e-05
1.588999999999935e+00	1.988892e-05	2.093638e-05	3.219228e-05
1.589999999999935e+00	1.990072e-05	2.093847e-05	3.219740e-05
1.590999999999935e+00	1.991233e-05	2.094053e-05	3.220246e-05
1.591999999999935e+00	1.992374e-05	2.094256e-05	3.220747e-05
1.592999999999935e+00	1.993498e-05	2.094456e-05	3.221243e-05
1.593999999999935e+00	1.994603e-05	2.094652e-05	3.221734e-05
1.594999999999934e+00	1.995691e-05	2.094845e-05	3.222220e-05
1.595999999999934e+00	1.996760e-05	2.095034e-05	3.222702e-05
1.596999999999934e+00	1.997813e-05	2.095221e-05	3.223179e-05
1.597999999999934e+00	1.998848e-05	2.095404e-05	3.223651e-05
1.598999999999934e+00	1.999867e-05	2.095585e-05	3.224119e-05
1.599999999999934e+00	2.000869e-05	2.095762e-05	3.224582e-05
1.600999999999934e+00	2.001854e-05	2.095937e-05	3.225041e-05
1.601999999999934e+00	2.002824e-05	2.096109e-05	3.225495e-05
1.602999999999934e+00	2.003778e-05	2.096278e-05	3.225946e-05
1.603999999999933e+00	2.004716e-05	2.096444e-05	3.226392e-05
1.604999999999933e+00	2.005640e-05	2.096607e-05	3.226834e-05
1.605999999999933e+00	2.006548e-05	2.096768e-05	3.227271e-05
1.606999999999933e+00	2.007442e-05	2.096926e-05	3.227705e-05
1.607999999999933e+00	2.008321e-05	2.097081e-05	3.228135e-05
1.608999999999933e+00	2.009186e-05	2.097234e-05	3.228562e-05
1.609999999999933e+00	2.010037e-05	2.097385e-05	3.228984e-05
1.610999999999933e+00	2.010875e-05	2.097533e-05	3.229403e-05
1.611999999999933e+00	2.011699e-05	2.097678e-05	3.229818e-05
1.612999999999932e+00	2.012510e-05	2.097822e-05	3.230230e-05
1.613999999999932e+00	2.013308e-05	2.097963e-05	3.230638e-05
1.614999999999932e+00	2.014093e-05	2.098101e-05	3.231043e-05
1.615999999999932e+00	2.014866e-05	2.098238e-05	3.231444e-05
1.616999999999932e+00	2.015627e-05	2.098372e-05	3.231843e-05
1.617999999999932e+00	2.016376e-05	2.098504e-05	3.232238e-05
1.618999999999932e+00	2.017113e-05	2.098634e-05	3.232629e-05
1.619999999999932e+00	2.017838e-05	2.098762e-05	3.233018e-05
1.620999999999932e+00	2.018552e-05	2.098888e-05	3.233404e-05
1.621999999999931e+00	2.019256e-05	2.099012e-05	3.233787e-05
1.622999999999931e+00	2.019948e-05	2.099134e-05	3.234166e-05
1.623999999999931e+00	2.020629e-05	2.099254e-05	3.234543e-05
1.624999999999931e+00	2.021301e-05	2.099373e-05	3.234917e-05
1.625999999999931e+00	2.021962e-05	2.099489e-05	3.235289e-05
1.626999999999931e+00	2.022613e-05	2.099604e-05	3.235658e-05
1.627999999999931e+00	2.023254e-05	2.099717e-05	3.236024e-05
1.628999999999931e+00	2.023885e-05	2.099828e-05	3.236387e-05
1.629999999999931e+00	2.024507e-05	2.099938e-05	3.236748e-05
1.630999999999931e+00	2.025120e-05	2.100046e-05	3.237107e-05
1.631999999999930e+00	2.025724e-05	2.100152e-05	3.237463e-05
1.632999999999930e+00	2.026319e-05	2.100257e-05	3.237817e-05
1.633999999999930e+00	2.026906e-05	2.100360e-05	3.238168e-05
1.634999999999930e+00	2.027483e-05	2.100462e-05	3.238517e-05
1.635999999999930e+00	2.028053e-05	2.100562e-05	3.238864e-05
1.636999999999930e+00	2.028614e-05	2.100661e-05	3.239209e-05
1.637999999999930e+00	2.029168e-05	2.100758e-05	3.239552e-05
1.638999999999930e+00	2.029714e-05	2.100854e-05	3.239892e-05
1.639999999999930e+00	2.030252e-05	2.100949e-05	3.240231e-05
1.640999999999929e+00	2.030782e-05	2.101042e-05	3.240567e-05
1.641999999999929e+00	2.031305e-05	2.101134e-05	3.240902e-05
1.642999999999929e+00	2.031821e-05	2.101225e-05	3.241235e-05
1.643999999999929e+00	2.032330e-05	2.101314e-05	3.241566e-05
1.644999999999929e+00	2.032833e-05	2.101402e-05	3.241895e-05
1.645999999999929e+00	2.033328e-05	2.101489e-05	3.242222e-05
1.646999999999929e+00	2.033817e-05	2.101575e-05	3.242547e-05
1.647999999999929e+00	2.034299e-05	2.101660e-05	3.242871e-05
1.648999999999929e+00	2.034776e-05	2.101744e-05	3.243193e-05
1.649999999999928e+00	2.035246e-05	2.101826e-05	3.243513e-05
1.650999999999928e+00	2.035709e-05	2.101908e-05	3.243832e-05
1.651999999999928e+00	2.036167e-05	2.101988e-05	3.244149e-05
1.652999999999928e+00	2.036620e-05	2.102068e-05	3.244465e-05
1.653999999999928e+00	2.037066e-05	2.102146e-05	3.244779e-05
1.654999999999928e+00	2.037507e-05	2.102224e-05	3.245092e-05
1.655999999999928e+00	2.037943e-05	2.102300e-05	3.245403e-05
1.656999999999928e+00	2.038373e-05	2.102375e-05	3.245713e-05
1.657999999999928e+00	2.038798e-05	2.102450e-05	3.246022e-05
1.658999999999927e+00	2.039219e-05	2.102524e-05	3.246329e-05
1.659999999999927e+00	2.039634e-05	2.102597e-05	3.246635e-05
1.660999999999927e+00	2.040044e-05	2.102669e-05	3.246939e-05
1.661999999999927e+00	2.040449e-05	2.102740e-05	3.247242e-05
1.662999999999927e+00	2.040850e-05	2.102810e-05	3.247544e-05
1.663999999999927e+00	2.041246e-05	2.102879e-05	3.247845e-05
1.664999999999927e+00	2.041638e-05	2.102948e-05	3.248145e-05
1.665999999999927e+00	2.042026e-05	2.103016e-05	3.248443e-05
1.666999999999927e+00	2.042409e-05	2.103083e-05	3.248740e-05
1.667999999999926e+00	2.042788e-05	2.103150e-05	3.249037e-05
1.668999999999926e+00	2.043162e-05	2.103216e-05	3.249332e-05
1.669999999999926e+00	2.043533e-05	2.103281e-05	3.249626e-05
1.670999999999926e+00	2.043900e-05	2.103345e-05	3.249919e-05
1.671999999999926e+00	2.044263e-05	2.103408e-05	3.250211e-05
1.672999999999926e+00	2.044622e-05	2.103472e-05	3.250502e-05
1.673999999999926e+00	2.044978e-05	2.103534e-05	3.250792e-05
1.674999999999926e+00	2.045330e-05	2.103595e-05	3.251081e-05
1.675999999999926e+00	2.045679e-05	2.103657e-05	3.251369e-05
1.676999999999925e+00	2.046024e-05	2.103717e-05	3.251656e-05
1.677999999999925e+00	2.046365e-05	2.103777e-05	3.251942e-05
1.678999999999925e+00	2.046704e-05	2.103836e-05	3.252228e-05
1.679999999999925e+00	2.047039e-05	2.103895e-05	3.252512e-05
1.680999999999925e+00	2.047371e-05	2.103953e-05	3.252796e-05
1.681999999999925e+00	2.047699e-05	2.104010e-05	3.253079e-05
1.682999999999925e+00	2.048025e-05	2.104068e-05	3.253361e-05
1.683999999999925e+00	2.048348e-05	2.104124e-05	3.253642e-05
1.684999999999925e+00	2.048668e-05	2.104180e-05	3.253923e-05
1.685999999999924e+00	2.048985e-05	2.104236e-05	3.254203e-05
1.686999999999924e+00	2.049299e-05	2.104291e-05	3.254482e-05
1.687999999999924e+00	2.049610e-05	2.104345e-05	3.254760e-05
1.688999999999924e+00	2.049919e-05	2.104399e-05	3.255038e-05
1.689999999999924e+00	2.050225e-05	2.104453e-05	3.255315e-05
1.690999999999924e+00	2.050529e-05	2.104506e-05	3.255591e-05
1.691999999999924e+00	2.050830e-05	2.104558e-05	3.255867e-05
1.692999999999924e+00	2.051128e-05	2.104611e-05	3.256141e-05
1.693999999999924e+00	2.051424e-05	2.104662e-05	3.256416e-05
1.694999999999923e+00	2.051718e-05	2.104714e-05	3.256690e-05
1.695999999999923e+00	2.052009e-05	2.104765e-05	3.256962e-05
1.696999999999923e+00	2.052298e-05	2.104815e-05	3.257235e-05
1.697999999999923e+00	2.052585e-05	2.104866e-05	3.257507e-05
1.698999999999923e+00	2.052870e-05	2.104915e-05	3.257778e-05
1.699999999999923e+00	2.053152e-05	2.104965e-05	3.258049e-05
1.700999999999923e+00	2.053433e-05	2.105014e-05	3.258319e-05
1.701999999999923e+00	2.053711e-05	2.105063e-05	3.258588e-05
1.702999999999923e+00	2.053988e-05	2.105111e-05	3.258857e-05
1.703999999999922e+00	2.054262e-05	2.105159e-05	3.259126e-05
1.704999999999922e+00	2.054534e-05	2.105206e-05	3.259394e-05
1.705999999999922e+00	2.054805e-05	2.105254e-05	3.259661e-05
1.706999999999922e+00	2.055073e-05	2.105301e-05	3.259928e-05
1.707999999999922e+00	2.055340e-05	2.105347e-05	3.260195e-05
1.708999999999922e+00	2.055605e-05	2.105394e-05	3.260461e-05
1.709999999999922e+00	2.055868e-05	2.105440e-05	3.260727e-05
1.710999999999922e+00	2.056130e-05	2.105485e-05	3.260992e-05
1.711999999999922e+00	2.056390e-05	2.105531e-05	3.261257e-05
1.712999999999921e+00	2.056648e-05	2.105576e-05	3.261521e-05
1.713999999999921e+00	2.056904e-05	2.105621e-05	3.261785e-05
1.714999999999921e+00	2.057159e-05	2.105665e-05	3.262048e-05
1.715999999999921e+00	2.057413e-05	2.105710e-05	3.262311e-05
1.716999999999921e+00	2.057665e-05	2.105754e-05	3.262574e-05
1.717999999999921e+00	2.057915e-05	2.105797e-05	3.262836e-05
1.718999999999921e+00	2.058164e-05	2.105841e-05	3.263098e-05
1.719999999999921e+00	2.058411e-05	2.105884e-05	3.263359e-05
1.720999999999921e+00	2.058657e-05	2.105927e-05	3.263620e-05
1.721999999999920e+00	2.058902e-05	2.105970e-05	3.263881e-05
1.722999999999920e+00	2.059145e-05	2.106012e-05	3.264142e-05
1.723999999999920e+00	2.059387e-05	2.106054e-05	3.264401e-05
1.724999999999920e+00	2.059627e-05	2.106096e-05	3.264661e-05
1.725999999999920e+00	2.059867e-05	2.106138e-05	3.264920e-05
1.726999999999920e+00	2.060104e-05	2.106180e-05	3.265179e-05
1.727999999999920e+00	2.060341e-05	2.106221e-05	3.265438e-05
1.728999999999920e+00	2.060577e-05	2.106262e-05	3.265696e-05
1.729999999999920e+00	2.060811e-05	2.106303e-05	3.265954e-05
1.730999999999919e+00	2.061044e-05	2.106344e-05	3.266212e-05
1.731999999999919e+00	2.061276e-05	2.106384e-05	3.266470e-05
1.732999999999919e+00	2.061507e-05	2.106424e-05	3.266727e-05
1.733999999999919e+00	2.061736e-05	2.106464e-05	3.266984e-05
1.734999999999919e+00	2.061965e-05	2.106505e-05	3.267240e-05
1.735999999999919e+00	2.062192e-05	2.106544e-05	3.267496e-05
1.736999999999919e+00	2.062419e-05	2.106584e-05	3.267752e-05
1.737999999999919e+00	2.062644e-05	2.106623e-05	3.268008e-05
1.738999999999919e+00	2.062869e-05	2.106662e-05	3.268263e-05
1.739999999999919e+00	2.063092e-05	2.106701e-05	3.268518e-05
1.740999999999918e+00	2.063314e-05	2.106740e-05	3.268773e-05
1.741999999999918e+00	2.063536e-05	2.106779e-05	3.269028e-05
1.742999999999918e+00	2.063756e-05	2.106817e-05	3.269283e-05
1.743999999999918e+00	2.063976e-05	2.106855e-05	3.269537e-05
1.744999999999918e+00	2.064194e-05	2.106893e-05	3.269791e-05
1.745999999999918e+00	2.064412e-05	2.106931e-05	3.270045e-05
1.746999999999918e+00	2.064629e-05	2.106969e-05	3.270298e-05
1.747999999999918e+00	2.064845e-05	2.107007e-05	3.270551e-05
1.748999999999918e+00	2.065060e-05	2.107044e-05	3.270804e-05
1.749999999999917e+00	2.065274e-05	2.107082e-05	3.271057e-05
1.750999999999917e+00	2.065488e-05	2.107119e-05	3.271309e-05
1.751999999999917e+00	2.065701e-05	2.107156e-05	3.271562e-05
1.752999999999917e+00	2.065912e-05	2.107193e-05	3.271814e-05
1.753999999999917e+00	2.066123e-05	2.107230e-05	3.272066e-05
1.754999999999917e+00	2.066334e-05	2.107266e-05	3.272318e-05
1.755999999999917e+00	2.066543e-05	2.107303e-05	3.272570e-05
1.756999999999917e+00	2.066752e-05	2.107339e-05	3.272821e-05
1.757999999999917e+00	2.066960e-05	2.107376e-05	3.273072e-05
1.758999999999916e+00	2.067167e-05	2.107412e-05	3.273323e-05
1.759999999999916e+00	2.067374e-05	2.107448e-05	3.273574e-05
1.760999999999916e+00	2.067580e-05	2.107484e-05	3.273824e-05
1.761999999999916e+00	2.067785e-05	2.107520e-05	3.274075e-05
1.762999999999916e+00	2.067990e-05	2.107555e-05	3.274325e-05
1.763999999999916e+00	2.068193e-05	2.107591e-05	3.274575e-05
1.764999999999916e+00	2.068397e-05	2.107626e-05	3.274826e-05
1.765999999999916e+00	2.068599e-05	2.107661e-05	3.275075e-05
1.766999999999916e+00	2.068801e-05	2.107696e-05	3.275325e-05
1.767999999999915e+00	2.069003e-05	2.107732e-05	3.275574e-05
1.768999999999915e+00	2.069203e-05	2.107767e-05	3.275823e-05
1.769999999999915e+00	2.069403e-05	2.107801e-05	3.276073e-05
1.770999999999915e+00	2.069603e-05	2.107836e-05	3.276322e-05
1.771999999999915e+00	2.069802e-05	2.107871e-05	3.276571e-05
1.772999999999915e+00	2.070000e-05	2.107905e-05	3.276820e-05
1.773999999999915e+00	2.070198e-05	2.107940e-05	3.277068e-05
1.774999999999915e+00	2.070396e-05	2.107974e-05	3.277317e-05
1.775999999999915e+00	2.070592e-05	2.108008e-05	3.277565e-05
1.776999999999914e+00	2.070788e-05	2.108043e-05	3.277813e-05
1.777999999999914e+00	2.070984e-05	2.108077e-05	3.278061e-05
1.778999999999914e+00	2.071179e-05	2.108111e-05	3.278309e-05
1.779999999999914e+00	2.071374e-05	2.108145e-05	3.278557e-05
1.780999999999914e+00	2.071568e-05	2.108178e-05	3.278804e-05
1.781999999999914e+00	2.071762e-05	2.108212e-05	3.279052e-05
1.782999999999914e+00	2.071955e-05	2.108246e-05	3.279299e-05
1.783999999999914e+00	2.072147e-05	2.108279e-05	3.279546e-05
1.784999999999914e+00	2.072340e-05	2.108313e-05	3.279793e-05
1.785999999999913e+00	2.072531e-05	2.108346e-05	3.280040e-05
1.786999999999913e+00	2.072723e-05	2.108380e-05	3.280287e-05
1.787999999999913e+00	2.072914e-05	2.108413e-05	3.280534e-05
1.788999999999913e+00	2.073104e-05	2.108446e-05	3.280781e-05
1.789999999999913e+00	2.073294e-05	2.108479e-05	3.281027e-05
1.790999999999913e+00	2.073483e-05	2.108512e-05	3.281274e-05
1.791999999999913e+00	2.073672e-05	2.108545e-05	3.281520e-05
1.792999999999913e+00	2.073861e-05	2.108578e-05	3.281766e-05
1.793999999999913e+00	2.074049e-05	2.108610e-05	3.282012e-05
1.794999999999912e+00	2.074237e-05	2.108643e-05	3.282259e-05
1.795999999999912e+00	2.074425e-05	2.108676e-05	3.282505e-05
1.796999999999912e+00	2.074612e-05	2.108708e-05	3.282751e-05
1.797999999999912e+00	2.074798e-05	2.108741e-05	3.282996e-05
1.798999999999912e+00	2.074985e-05	2.108773e-05	3.283242e-05
1.799999999999912e+00	2.075171e-05	2.108805e-05	3.283487e-05
1.800999999999912e+00	2.075356e-05	2.108838e-05	3.283733e-05
1.801999999999912e+00	2.075541e-05	2.108870e-05	3.283978e-05
1.802999999999912e+00	2.075726e-05	2.108902e-05	3.284224e-05
1.803999999999911e+00	2.075911e-05	2.108934e-05	3.284469e-05
1.804999999999911e+00	2.076095e-05	2.108966e-05	3.284714e-05
1.805999999999911e+00	2.076279e-05	2.108998e-05	3.284959e-05
1.806999999999911e+00	2.076462e-05	2.109030e-05	3.285204e-05
1.807999999999911e+00	2.076645e-05	2.109062e-05	3.285448e-05
1.808999999999911e+00	2.076828e-05	2.109094e-05	3.285693e-05
1.809999999999911e+00	2.077010e-05	2.109125e-05	3.285938e-05
1.810999999999911e+00	2.077192e-05	2.109157e-05	3.286183e-05
1.811999999999911e+00	2.077374e-05	2.109189e-05	3.286427e-05
1.812999999999910e+00	2.077556e-05	2.109220e-05	3.286672e-05
1.813999999999910e+00	2.077737e-05	2.109252e-05	3.286916e-05
1.814999999999910e+00	2.077918e-05	2.109283e-05	3.287160e-05
1.815999999999910e+00	2.078098e-05	2.109314e-05	3.287404e-05
1.816999999999910e+00	2.078279e-05	2.109346e-05	3.287649e-05
1.817999999999910e+00	2.078459e-05	2.109377e-05	3.287893e-05
1.818999999999910e+00	2.078638e-05	2.109408e-05	3.288137e-05
1.819999999999910e+00	2.078818e-05	2.109440e-05	3.288381e-05
1.820999999999910e+00	2.078997e-05	2.109471e-05	3.288624e-05
1.821999999999909e+00	2.079176e-05	2.109502e-05	3.288868e-05
1.822999999999909e+00	2.079355e-05	2.109533e-05	3.289112e-05
1.823999999999909e+00	2.079533e-05	2.109564e-05	3.289356e-05
1.824999999999909e+00	2.079711e-05	2.109595e-05	3.289599e-05
1.825999999999909e+00	2.079889e-05	2.109626e-05	3.289843e-05
1.826999999999909e+00	2.080067e-05	2.109656e-05	3.290087e-05
1.827999999999909e+00	2.080244e-05	2.109687e-05	3.290330e-05
1.828999999999909e+00	2.080421e-05	2.109718e-05	3.290573e-05
1.829999999999909e+00	2.080598e-05	2.109749e-05	3.290816e-05
1.830999999999908e+00	2.080774e-05	2.109779e-05	3.291060e-05
1.831999999999908e+00	2.080951e-05	2.109810e-05	3.291303e-05
1.832999999999908e+00	2.081127e-05	2.109841e-05	3.291546e-05
1.833999999999908e+00	2.081303e-05	2.109871e-05	3.291789e-05
1.834999999999908e+00	2.081478e-05	2.109902e-05	3.292032e-05
1.835999999999908e+00	2.081654e-05	2.109932e-05	3.292275e-05
1.836999999999908e+00	2.081829e-05	2.109963e-05	3.292518e-05
1.837999999999908e+00	2.082004e-05	2.109993e-05	3.292761e-05
1.838999999999908e+00	2.082179e-05	2.110023e-05	3.293004e-05
1.839999999999907e+00	2.082354e-05	2.110054e-05	3.293246e-05
1.840999999999907e+00	2.082528e-05	2.110084e-05	3.293489e-05
1.841999999999907e+00	2.082702e-05	2.110114e-05	3.293732e-05
1.842999999999907e+00	2.082876e-05	2.110144e-05	3.293974e-05
1.843999999999907e+00	2.083050e-05	2.110175e-05	3.294217e-05
1.844999999999907e+00	2.083223e-05	2.110205e-05	3.294459e-05
1.845999999999907e+00	2.083397e-05	2.110235e-05	3.294702e-05
1.846999999999907e+00	2.083570e-05	2.110265e-05	3.294944e-05
1.847999999999907e+00	2.083743e-05	2.110295e-05	3.295187e-05
1.848999999999906e+00	2.083916e-05	2.110325e-05	3.295429e-05
1.849999999999906e+00	2.084088e-05	2.110355e-05	3.295672e-05
1.850999999999906e+00	2.084260e-05	2.110385e-05	3.295913e-05
1.851999999999906e+00	2.084433e-05	2.110415e-05	3.296156e-05
1.852999999999906e+00	2.084605e-05	2.110444e-05	3.296398e-05
1.853999999999906e+00	2.084776e-05	2.110474e-05	3.296640e-05
1.854999999999906e+00	2.084948e-05	2.110504e-05	3.296882e-05
1.855999999999906e+00	2.085120e-05	2.110534e-05	3.297124e-05
1.856999999999906e+00	2.085291e-05	2.110564e-05	3.297366e-05
1.857999999999906e+00	2.085462e-05	2.110593e-05	3.297608e-05
1.858999999999905e+00	2.085633e-05	2.110623e-05	3.297850e-05
1.859999999999905e+00	2.085804e-05	2.110653e-05	3.298092e-05
1.860999999999905e+00	2.085975e-05	2.110682e-05	3.298334e-05
1.861999999999905e+00	2.086145e-05	2.110712e-05	3.298576e-05
1.862999999999905e+00	2.086316e-05	2.110741e-05	3.298817e-05
1.863999999999905e+00	2.086486e-05	2.110771e-05	3.299059e-05
1.864999999999905e+00	2.086656e-05	2.110800e-05	3.299301e-05
1.865999999999905e+00	2.086826e-05	2.110830e-05	3.299542e-05
1.866999999999905e+00	2.086995e-05	2.110859e-05	3.299784e-05
1.867999999999904e+00	2.087165e-05	2.110889e-05	3.300026e-05
1.868999999999904e+00	2.087335e-05	2.110918e-05	3.300267e-05
1.869999999999904e+00	2.087504e-05	2.110947e-05	3.300509e-05
1.870999999999904e+00	2.087673e-05	2.110977e-05	3.300750e-05
1.871999999999904e+00	2.087842e-05	2.111006e-05	3.300992e-05
1.872999999999904e+00	2.088011e-05	2.111035e-05	3.301233e-05
1.873999999999904e+00	2.088180e-05	2.111065e-05	3.301474e-05
1.874999999999904e+00	2.088348e-05	2.111094e-05	3.301716e-05
1.875999999999904e+00	2.088517e-05	2.111123e-05	3.301957e-05
1.876999999999903e+00	2.088685e-05	2.111152e-05	3.302199e-05
1.877999999999903e+00	2.088853e-05	2.111181e-05	3.302440e-05
1.878999999999903e+00	2.089021e-05	2.111211e-05	3.302681e-05
1.879999999999903e+00	2.089189e-05	2.111240e-05	3.302922e-05
1.880999999999903e+00	2.089357e-05	2.111269e-05	3.303164e-05
1.881999999999903e+00	2.089525e-05	2.111298e-05	3.303405e-05
1.882999999999903e+00	2.089692e-05	2.111327e-05	3.303646e-05
1.883999999999903e+00	2.089860e-05	2.111356e-05	3.303887e-05
1.884999999999903e+00	2.090027e-05	2.111385e-05	3.304128e-05
1.885999999999902e+00	2.090194e-05	2.111414e-05	3.304369e-05
1.886999999999902e+00	2.090361e-05	2.111443e-05	3.304610e-05
1.887999999999902e+00	2.090528e-05	2.111472e-05	3.304851e-05
1.888999999999902e+00	2.090695e-05	2.111501e-05	3.305092e-05
1.889999999999902e+00	2.090862e-05	2.111529e-05	3.305333e-05
1.890999999999902e+00	2.091029e-05	2.111558e-05	3.305574e-05
1.891999999999902e+00	2.091195e-05	2.111587e-05	3.305815e-05
1.892999999999902e+00	2.091361e-05	2.111616e-05	3.306056e-05
1.893999999999902e+00	2.091528e-05	2.111645e-05	3.306297e-05
1.894999999999901e+00	2.091694e-05	2.111674e-05	3.306538e-05
1.895999999999901e+00	2.091860e-05	2.111702e-05	3.306779e-05
1.896999999999901e+00	2.092026e-05	2.111731e-05	3.307020e-05
1.897999999999901e+00	2.092192e-05	2.111760e-05	3.307260e-05
1.898999999999901e+00	2.092358e-05	2.111789e-05	3.307501e-05
1.899999999999901e+00	2.092523e-05	2.111817e-05	3.307742e-05
1.900999999999901e+00	2.092689e-05	2.111846e-05	3.307982e-05
1.901999999999901e+00	2.092854e-05	2.111875e-05	3.308223e-05
1.902999999999901e+00	2.093020e-05	2.111903e-05	3.308464e-05
1.903999999999900e+00	2.093185e-05	2.111932e-05	3.308704e-05
1.904999999999900e+00	2.093350e-05	2.111961e-05	3.308945e-05
1.905999999999900e+00	2.093515e-05	2.111989e-05	3.309186e-05
1.906999999999900e+00	2.093680e-05	2.112018e-05	3.309426e-05
1.907999999999900e+00	2.093845e-05	2.112046e-05	3.309667e-05
1.908999999999900e+00	2.094010e-05	2.112075e-05	3.309907e-05
1.909999999999900e+00	2.094175e-05	2.112103e-05	3.310148e-05
1.910999999999900e+00	2.094339e-05	2.112132e-05	3.310389e-05
1.911999999999900e+00	2.094504e-05	2.112160e-05	3.310629e-05
1.912999999999899e+00	2.094668e-05	2.112189e-05	3.310870e-05
1.913999999999899e+00	2.094833e-05	2.112217e-05	3.311110e-05
1.914999999999899e+00	2.094997e-05	2.112246e-05	3.311351e-05
1.915999999999899e+00	2.095161e-05	2.112274e-05	3.311591e-05
1.916999999999899e+00	2.095325e-05	2.112303e-05	3.311831e-05
1.917999999999899e+00	2.095489e-05	2.112331e-05	3.312072e-05
1.918999999999899e+00	2.095653e-05	2.112359e-05	3.312312e-05
1.919999999999899e+00	2.095817e-05	2.112388e-05	3.312553e-05
1.920999999999899e+00	2.095981e-05	2.112416e-05	3.312793e-05
1.921999999999898e+00	2.096145e-05	2.112444e-05	3.313033e-05
1.922999999999898e+00	2.096308e-05	2.112473e-05	3.313274e-05
1.923999999999898e+00	2.096472e-05	2.112501e-05	3.313514e-05
1.924999999999898e+00	2.096635e-05	2.112529e-05	3.313754e-05
1.925999999999898e+00	2.096799e-05	2.112557e-05	3.313995e-05
1.926999999999898e+00	2.096962e-05	2.112586e-05	3.314235e-05
1.927999999999898e+00	2.097125e-05	2.112614e-05	3.314475e-05
1.928999999999898e+00	2.097289e-05	2.112642e-05	3.314715e-05
1.929999999999898e+00	2.097452e-05	2.112670e-05	3.314955e-05
1.930999999999897e+00	2.097615e-05	2.112699e-05	3.315196e-05
1.931999999999897e+00	2.097778e-05	2.112727e-05	3.315436e-05
1.932999999999897e+00	2.097941e-05	2.112755e-05	3.315676e-05
1.933999999999897e+00	2.098103e-05	2.112783e-05	3.315916e-05
1.934999999999897e+00	2.098266e-05	2.112811e-05	3.316157e-05
1.935999999999897e+00	2.098429e-05	2.112840e-05	3.316397e-05
1.936999999999897e+00	2.098592e-05	2.112868e-05	3.316637e-05
1.937999999999897e+00	2.098754e-05	2.112896e-05	3.316877e-05
1.938999999999897e+00	2.098917e-05	2.112924e-05	3.317117e-05
1.939999999999896e+00	2.099079e-05	2.112952e-05	3.317357e-05
1.940999999999896e+00	2.099241e-05	2.112980e-05	3.317597e-05
1.941999999999896e+00	2.099404e-05	2.113008e-05	3.317837e-05
1.942999999999896e+00	2.099566e-05	2.113036e-05	3.318078e-05
1.943999999999896e+00	2.099728e-05	2.113064e-05	3.318318e-05
1.944999999999896e+00	2.099890e-05	2.113092e-05	3.318558e-05
1.945999999999896e+00	2.100052e-05	2.113120e-05	3.318798e-05
1.946999999999896e+00	2.100214e-05	2.113148e-05	3.319038e-05
1.947999999999896e+00	2.100376e-05	2.113176e-05	3.319278e-05
1.948999999999895e+00	2.100538e-05	2.113204e-05	3.319518e-05
1.949999999999895e+00	2.100700e-05	2.113232e-05	3.319758e-05
1.950999999999895e+00	2.100862e-05	2.113260e-05	3.319998e-05
1.951999999999895e+00	2.101023e-05	2.113288e-05	3.320238e-05
1.952999999999895e+00	2.101185e-05	2.113316e-05	3.320478e-05
1.953999999999895e+00	2.101347e-05	2.113344e-05	3.320718e-05
1.954999999999895e+00	2.101508e-05	2.113372e-05	3.320958e-05
1.955999999999895e+00	2.101670e-05	2.113400e-05	3.321198e-05
1.956999999999895e+00	2.101831e-05	2.113428e-05	3.321438e-05
1.957999999999894e+00	2.101993e-05	2.113455e-05	3.321678e-05
1.958999999999894e+00	2.102154e-05	2.113483e-05	3.321917e-05
1.959999999999894e+00	2.102315e-05	2.113511e-05	3.322157e-05
1.960999999999894e+00	2.102476e-05	2.113539e-05	3.322397e-05
1.961999999999894e+00	2.102638e-05	2.113567e-05	3.322637e-05
1.962999999999894e+00	2.102799e-05	2.113595e-05	3.322877e-05
1.963999999999894e+00	2.102960e-05	2.113623e-05	3.323117e-05
1.964999999999894e+00	2.103121e-05	2.113650e-05	3.323357e-05
1.965999999999894e+00	2.103282e-05	2.113678e-05	3.323597e-05
1.966999999999894e+00	2.103443e-05	2.113706e-05	3.323837e-05
1.967999999999893e+00	2.103603e-05	2.113734e-05	3.324077e-05
1.968999999999893e+00	2.103764e-05	2.113762e-05	3.324317e-05
1.969999999999893e+00	2.103925e-05	2.113789e-05	3.324556e-05
1.970999999999893e+00	2.104086e-05	2.113817e-05	3.324796e-05
1.971999999999893e+00	2.104247e-05	2.113845e-05	3.325036e-05
1.972999999999893e+00	2.104407e-05	2.113873e-05	3.325276e-05
1.973999999999893e+00	2.104568e-05	2.113900e-05	3.325516e-05
1.974999999999893e+00	2.104728e-05	2.113928e-05	3.325755e-05
1.975999999999893e+00	2.104889e-05	2.113956e-05	3.325995e-05
1.976999999999892e+00	2.105049e-05	2.113983e-05	3.326235e-05
1.977999999999892e+00	2.105210e-05	2.114011e-05	3.326475e-05
1.978999999999892e+00	2.105370e-05	2.114039e-05	3.326715e-05
1.979999999999892e+00	2.105530e-05	2.114066e-05	3.326955e-05
1.980999999999892e+00	2.105691e-05	2.114094e-05	3.327194e-05
1.981999999999892e+00	2.105851e-05	2.114122e-05	3.327434e-05
1.982999999999892e+00	2.106011e-05	2.114150e-05	3.327674e-05
1.983999999999892e+00	2.106171e-05	2.114177e-05	3.327914e-05
1.984999999999892e+00	2.106332e-05	2.114205e-05	3.328154e-05
1.985999999999891e+00	2.106492e-05	2.114232e-05	3.328393e-05
1.986999999999891e+00	2.106652e-05	2.114260e-05	3.328633e-05
1.987999999999891e+00	2.106812e-05	2.114288e-05	3.328873e-05
1.988999999999891e+00	2.106972e-05	2.114315e-05	3.329113e-05
1.989999999999891e+00	2.107132e-05	2.114343e-05	3.329352e-05
1.990999999999891e+00	2.107291e-05	2.114371e-05	3.329592e-05
1.991999999999891e+00	2.107451e-05	2.114398e-05	3.329832e-05
1.992999999999891e+00	2.107611e-05	2.114426e-05	3.330072e-05
1.993999999999891e+00	2.107771e-05	2.114453e-05	3.330311e-05
1.994999999999890e+00	2.107931e-05	2.114481e-05	3.330551e-05
1.995999999999890e+00	2.108090e-05	2.114508e-05	3.330791e-05
1.996999999999890e+00	2.108250e-05	2.114536e-05	3.331031e-05
1.997999999999890e+00	2.108410e-05	2.114563e-05	3.331270e-05
1.998999999999890e+00	2.108569e-05	2.114591e-05	3.331510e-05
2.000000000000000e+00	2.108729e-05	2.114618e-05	3.331750e-05
