vcc	V(u_out)
1.000000000000000e+00	7.557052e-01
1.001000000000000e+00	7.563381e-01
1.002000000000000e+00	7.567970e-01
1.003000000000000e+00	7.576532e-01
1.004000000000000e+00	7.582602e-01
1.004999999999999e+00	7.578627e-01
1.005999999999999e+00	7.593867e-01
1.006999999999999e+00	7.599337e-01
1.007999999999999e+00	7.604330e-01
1.008999999999999e+00	7.602274e-01
1.009999999999999e+00	7.617241e-01
1.010999999999999e+00	7.615533e-01
1.011999999999999e+00	7.630896e-01
1.012999999999999e+00	7.627366e-01
1.013999999999998e+00	7.641245e-01
1.014999999999998e+00	7.637595e-01
1.015999999999998e+00	7.652664e-01
1.016999999999998e+00	7.651618e-01
1.017999999999998e+00	7.656800e-01
1.018999999999998e+00	7.662349e-01
1.019999999999998e+00	7.668446e-01
1.020999999999998e+00	7.671801e-01
1.021999999999998e+00	7.679681e-01
1.022999999999997e+00	7.692437e-01
1.023999999999997e+00	7.698921e-01
1.024999999999997e+00	7.697094e-01
1.025999999999997e+00	7.699750e-01
1.026999999999997e+00	7.706007e-01
1.027999999999997e+00	7.711723e-01
1.028999999999997e+00	7.716420e-01
1.029999999999997e+00	7.724231e-01
1.030999999999997e+00	7.736742e-01
1.031999999999996e+00	7.733986e-01
1.032999999999996e+00	7.739429e-01
1.033999999999996e+00	7.744274e-01
1.034999999999996e+00	7.750271e-01
1.035999999999996e+00	7.756739e-01
1.036999999999996e+00	7.760195e-01
1.037999999999996e+00	7.764970e-01
1.038999999999996e+00	7.772059e-01
1.039999999999996e+00	7.775561e-01
1.040999999999995e+00	7.780699e-01
1.041999999999995e+00	7.777792e-01
1.042999999999995e+00	7.785417e-01
1.043999999999995e+00	7.781612e-01
1.044999999999995e+00	7.792557e-01
1.045999999999995e+00	7.800582e-01
1.046999999999995e+00	7.803361e-01
1.047999999999995e+00	7.807965e-01
1.048999999999995e+00	7.814780e-01
1.049999999999994e+00	7.819537e-01
1.050999999999994e+00	7.823784e-01
1.051999999999994e+00	7.836266e-01
1.052999999999994e+00	7.841346e-01
1.053999999999994e+00	7.838691e-01
1.054999999999994e+00	7.851617e-01
1.055999999999994e+00	7.849850e-01
1.056999999999994e+00	7.853401e-01
1.057999999999994e+00	7.866243e-01
1.058999999999994e+00	7.864552e-01
1.059999999999993e+00	7.869255e-01
1.060999999999993e+00	7.874264e-01
1.061999999999993e+00	7.878008e-01
1.062999999999993e+00	7.891957e-01
1.063999999999993e+00	7.896413e-01
1.064999999999993e+00	7.900998e-01
1.065999999999993e+00	7.905708e-01
1.066999999999993e+00	7.910770e-01
1.067999999999993e+00	7.908760e-01
1.068999999999992e+00	7.918621e-01
1.069999999999992e+00	7.922858e-01
1.070999999999992e+00	7.929257e-01
1.071999999999992e+00	7.941034e-01
1.072999999999992e+00	7.939522e-01
1.073999999999992e+00	7.942929e-01
1.074999999999992e+00	7.953445e-01
1.075999999999992e+00	7.959194e-01
1.076999999999992e+00	7.963258e-01
1.077999999999991e+00	7.960923e-01
1.078999999999991e+00	7.972314e-01
1.079999999999991e+00	7.977555e-01
1.080999999999991e+00	7.980203e-01
1.081999999999991e+00	7.987729e-01
1.082999999999991e+00	7.990549e-01
1.083999999999991e+00	7.994686e-01
1.084999999999991e+00	8.006699e-01
1.085999999999991e+00	8.010548e-01
1.086999999999990e+00	8.015255e-01
1.087999999999990e+00	8.020042e-01
1.088999999999990e+00	8.017281e-01
1.089999999999990e+00	8.027402e-01
1.090999999999990e+00	8.033165e-01
1.091999999999990e+00	8.037642e-01
1.092999999999990e+00	8.043129e-01
1.093999999999990e+00	8.045294e-01
1.094999999999990e+00	8.051688e-01
1.095999999999989e+00	8.060893e-01
1.096999999999989e+00	8.065761e-01
1.097999999999989e+00	8.068633e-01
1.098999999999989e+00	8.066963e-01
1.099999999999989e+00	8.079165e-01
1.100999999999989e+00	8.082791e-01
1.101999999999989e+00	8.085991e-01
1.102999999999989e+00	8.090287e-01
1.103999999999989e+00	8.093827e-01
1.104999999999988e+00	8.093985e-01
1.105999999999988e+00	8.102113e-01
1.106999999999988e+00	8.107373e-01
1.107999999999988e+00	8.110371e-01
1.108999999999988e+00	8.121318e-01
1.109999999999988e+00	8.127478e-01
1.110999999999988e+00	8.124194e-01
1.111999999999988e+00	8.127948e-01
1.112999999999988e+00	8.138914e-01
1.113999999999987e+00	8.143064e-01
1.114999999999987e+00	8.147826e-01
1.115999999999987e+00	8.152241e-01
1.116999999999987e+00	8.156541e-01
1.117999999999987e+00	8.164246e-01
1.118999999999987e+00	8.164380e-01
1.119999999999987e+00	8.171928e-01
1.120999999999987e+00	8.171075e-01
1.121999999999987e+00	8.180638e-01
1.122999999999986e+00	8.186983e-01
1.123999999999986e+00	8.188564e-01
1.124999999999986e+00	8.192593e-01
1.125999999999986e+00	8.203190e-01
1.126999999999986e+00	8.201358e-01
1.127999999999986e+00	8.212739e-01
1.128999999999986e+00	8.216448e-01
1.129999999999986e+00	8.213381e-01
1.130999999999986e+00	8.218191e-01
1.131999999999985e+00	8.226879e-01
1.132999999999985e+00	8.232040e-01
1.133999999999985e+00	8.241305e-01
1.134999999999985e+00	8.245744e-01
1.135999999999985e+00	8.248212e-01
1.136999999999985e+00	8.246508e-01
1.137999999999985e+00	8.257670e-01
1.138999999999985e+00	8.261033e-01
1.139999999999985e+00	8.264390e-01
1.140999999999984e+00	8.266832e-01
1.141999999999984e+00	8.271090e-01
1.142999999999984e+00	8.282101e-01
1.143999999999984e+00	8.279697e-01
1.144999999999984e+00	8.288962e-01
1.145999999999984e+00	8.288873e-01
1.146999999999984e+00	8.296130e-01
1.147999999999984e+00	8.296418e-01
1.148999999999984e+00	8.304704e-01
1.149999999999983e+00	8.310047e-01
1.150999999999983e+00	8.316891e-01
1.151999999999983e+00	8.315448e-01
1.152999999999983e+00	8.326256e-01
1.153999999999983e+00	8.328574e-01
1.154999999999983e+00	8.338019e-01
1.155999999999983e+00	8.337638e-01
1.156999999999983e+00	8.342267e-01
1.157999999999983e+00	8.343890e-01
1.158999999999982e+00	8.348448e-01
1.159999999999982e+00	8.350974e-01
1.160999999999982e+00	8.361222e-01
1.161999999999982e+00	8.365355e-01
1.162999999999982e+00	8.363660e-01
1.163999999999982e+00	8.367844e-01
1.164999999999982e+00	8.369679e-01
1.165999999999982e+00	8.374370e-01
1.166999999999982e+00	8.370542e-01
1.167999999999981e+00	8.374924e-01
1.168999999999981e+00	8.379872e-01
1.169999999999981e+00	8.388998e-01
1.170999999999981e+00	8.386924e-01
1.171999999999981e+00	8.401311e-01
1.172999999999981e+00	8.399425e-01
1.173999999999981e+00	8.409438e-01
1.174999999999981e+00	8.405895e-01
1.175999999999981e+00	8.411000e-01
1.176999999999981e+00	8.420231e-01
1.177999999999980e+00	8.418736e-01
1.178999999999980e+00	8.427680e-01
1.179999999999980e+00	8.425839e-01
1.180999999999980e+00	8.433830e-01
1.181999999999980e+00	8.438421e-01
1.182999999999980e+00	8.446177e-01
1.183999999999980e+00	8.449028e-01
1.184999999999980e+00	8.455486e-01
1.185999999999980e+00	8.458764e-01
1.186999999999979e+00	8.455559e-01
1.187999999999979e+00	8.464635e-01
1.188999999999979e+00	8.472675e-01
1.189999999999979e+00	8.478328e-01
1.190999999999979e+00	8.480849e-01
1.191999999999979e+00	8.480361e-01
1.192999999999979e+00	8.482569e-01
1.193999999999979e+00	8.492861e-01
1.194999999999979e+00	8.496067e-01
1.195999999999978e+00	8.499737e-01
1.196999999999978e+00	8.502761e-01
1.197999999999978e+00	8.505161e-01
1.198999999999978e+00	8.514591e-01
1.199999999999978e+00	8.512411e-01
1.200999999999978e+00	8.521353e-01
1.201999999999978e+00	8.526669e-01
1.202999999999978e+00	8.529642e-01
1.203999999999978e+00	8.532345e-01
1.204999999999977e+00	8.536541e-01
1.205999999999977e+00	8.544363e-01
1.206999999999977e+00	8.548005e-01
1.207999999999977e+00	8.546833e-01
1.208999999999977e+00	8.555903e-01
1.209999999999977e+00	8.554528e-01
1.210999999999977e+00	8.567117e-01
1.211999999999977e+00	8.567660e-01
1.212999999999977e+00	8.565337e-01
1.213999999999976e+00	8.572748e-01
1.214999999999976e+00	8.576393e-01
1.215999999999976e+00	8.580042e-01
1.216999999999976e+00	8.584075e-01
1.217999999999976e+00	8.586409e-01
1.218999999999976e+00	8.596321e-01
1.219999999999976e+00	8.598345e-01
1.220999999999976e+00	8.606474e-01
1.221999999999976e+00	8.605896e-01
1.222999999999975e+00	8.614135e-01
1.223999999999975e+00	8.618718e-01
1.224999999999975e+00	8.615715e-01
1.225999999999975e+00	8.619897e-01
1.226999999999975e+00	8.629619e-01
1.227999999999975e+00	8.632037e-01
1.228999999999975e+00	8.635740e-01
1.229999999999975e+00	8.640209e-01
1.230999999999975e+00	8.638301e-01
1.231999999999974e+00	8.649718e-01
1.232999999999974e+00	8.648427e-01
1.233999999999974e+00	8.657462e-01
1.234999999999974e+00	8.657405e-01
1.235999999999974e+00	8.663674e-01
1.236999999999974e+00	8.672352e-01
1.237999999999974e+00	8.667654e-01
1.238999999999974e+00	8.670744e-01
1.239999999999974e+00	8.679124e-01
1.240999999999973e+00	8.682648e-01
1.241999999999973e+00	8.684941e-01
1.242999999999973e+00	8.692177e-01
1.243999999999973e+00	8.692821e-01
1.244999999999973e+00	8.700094e-01
1.245999999999973e+00	8.703169e-01
1.246999999999973e+00	8.703625e-01
1.247999999999973e+00	8.711602e-01
1.248999999999973e+00	8.719556e-01
1.249999999999972e+00	8.721628e-01
1.250999999999972e+00	8.721664e-01
1.251999999999972e+00	8.724638e-01
1.252999999999972e+00	8.727215e-01
1.253999999999972e+00	8.736095e-01
1.254999999999972e+00	8.734245e-01
1.255999999999972e+00	8.742439e-01
1.256999999999972e+00	8.741280e-01
1.257999999999972e+00	8.746058e-01
1.258999999999971e+00	8.752393e-01
1.259999999999971e+00	8.752420e-01
1.260999999999971e+00	8.765580e-01
1.261999999999971e+00	8.767692e-01
1.262999999999971e+00	8.766648e-01
1.263999999999971e+00	8.771927e-01
1.264999999999971e+00	8.774329e-01
1.265999999999971e+00	8.776652e-01
1.266999999999971e+00	8.780299e-01
1.267999999999970e+00	8.784896e-01
1.268999999999970e+00	8.796389e-01
1.269999999999970e+00	8.791302e-01
1.270999999999970e+00	8.802924e-01
1.271999999999970e+00	8.806443e-01
1.272999999999970e+00	8.808662e-01
1.273999999999970e+00	8.814278e-01
1.274999999999970e+00	8.818040e-01
1.275999999999970e+00	8.820907e-01
1.276999999999969e+00	8.823395e-01
1.277999999999969e+00	8.823061e-01
1.278999999999969e+00	8.832022e-01
1.279999999999969e+00	8.834344e-01
1.280999999999969e+00	8.841941e-01
1.281999999999969e+00	8.836408e-01
1.282999999999969e+00	8.840017e-01
1.283999999999969e+00	8.846624e-01
1.284999999999969e+00	8.847143e-01
1.285999999999969e+00	8.852295e-01
1.286999999999968e+00	8.851978e-01
1.287999999999968e+00	8.854401e-01
1.288999999999968e+00	8.857779e-01
1.289999999999968e+00	8.857204e-01
1.290999999999968e+00	8.868675e-01
1.291999999999968e+00	8.872079e-01
1.292999999999968e+00	8.871996e-01
1.293999999999968e+00	8.875194e-01
1.294999999999968e+00	8.877706e-01
1.295999999999967e+00	8.886772e-01
1.296999999999967e+00	8.885996e-01
1.297999999999967e+00	8.888494e-01
1.298999999999967e+00	8.888929e-01
1.299999999999967e+00	8.897370e-01
1.300999999999967e+00	8.899599e-01
1.301999999999967e+00	8.901486e-01
1.302999999999967e+00	8.909682e-01
1.303999999999967e+00	8.909839e-01
1.304999999999966e+00	8.916254e-01
1.305999999999966e+00	8.917012e-01
1.306999999999966e+00	8.918551e-01
1.307999999999966e+00	8.926595e-01
1.308999999999966e+00	8.933593e-01
1.309999999999966e+00	8.934044e-01
1.310999999999966e+00	8.940642e-01
1.311999999999966e+00	8.940747e-01
1.312999999999966e+00	8.945459e-01
1.313999999999965e+00	8.946460e-01
1.314999999999965e+00	8.952016e-01
1.315999999999965e+00	8.955383e-01
1.316999999999965e+00	8.962407e-01
1.317999999999965e+00	8.961774e-01
1.318999999999965e+00	8.966503e-01
1.319999999999965e+00	8.969842e-01
1.320999999999965e+00	8.970812e-01
1.321999999999965e+00	8.978496e-01
1.322999999999964e+00	8.980015e-01
1.323999999999964e+00	8.984357e-01
1.324999999999964e+00	8.989081e-01
1.325999999999964e+00	8.987731e-01
1.326999999999964e+00	8.999199e-01
1.327999999999964e+00	8.994803e-01
1.328999999999964e+00	8.998113e-01
1.329999999999964e+00	9.004247e-01
1.330999999999964e+00	9.012813e-01
1.331999999999963e+00	9.010969e-01
1.332999999999963e+00	9.016967e-01
1.333999999999963e+00	9.022105e-01
1.334999999999963e+00	9.021357e-01
1.335999999999963e+00	9.025891e-01
1.336999999999963e+00	9.028823e-01
1.337999999999963e+00	9.032108e-01
1.338999999999963e+00	9.036369e-01
1.339999999999963e+00	9.039467e-01
1.340999999999962e+00	9.044595e-01
1.341999999999962e+00	9.049351e-01
1.342999999999962e+00	9.056456e-01
1.343999999999962e+00	9.057499e-01
1.344999999999962e+00	9.055994e-01
1.345999999999962e+00	9.067191e-01
1.346999999999962e+00	9.062198e-01
1.347999999999962e+00	9.066882e-01
1.348999999999962e+00	9.068562e-01
1.349999999999961e+00	9.077895e-01
1.350999999999961e+00	9.076772e-01
1.351999999999961e+00	9.086553e-01
1.352999999999961e+00	9.086204e-01
1.353999999999961e+00	9.085964e-01
1.354999999999961e+00	9.097477e-01
1.355999999999961e+00	9.100266e-01
1.356999999999961e+00	9.099826e-01
1.357999999999961e+00	9.102223e-01
1.358999999999960e+00	9.111123e-01
1.359999999999960e+00	9.110814e-01
1.360999999999960e+00	9.116451e-01
1.361999999999960e+00	9.119746e-01
1.362999999999960e+00	9.119942e-01
1.363999999999960e+00	9.124526e-01
1.364999999999960e+00	9.129084e-01
1.365999999999960e+00	9.131747e-01
1.366999999999960e+00	9.137316e-01
1.367999999999959e+00	9.136276e-01
1.368999999999959e+00	9.140099e-01
1.369999999999959e+00	9.145935e-01
1.370999999999959e+00	9.145878e-01
1.371999999999959e+00	9.149058e-01
1.372999999999959e+00	9.157345e-01
1.373999999999959e+00	9.161558e-01
1.374999999999959e+00	9.158938e-01
1.375999999999959e+00	9.163194e-01
1.376999999999958e+00	9.169866e-01
1.377999999999958e+00	9.170651e-01
1.378999999999958e+00	9.178379e-01
1.379999999999958e+00	9.176136e-01
1.380999999999958e+00	9.182460e-01
1.381999999999958e+00	9.185547e-01
1.382999999999958e+00	9.187459e-01
1.383999999999958e+00	9.189089e-01
1.384999999999958e+00	9.196250e-01
1.385999999999957e+00	9.197887e-01
1.386999999999957e+00	9.199494e-01
1.387999999999957e+00	9.207298e-01
1.388999999999957e+00	9.205844e-01
1.389999999999957e+00	9.213743e-01
1.390999999999957e+00	9.217835e-01
1.391999999999957e+00	9.216727e-01
1.392999999999957e+00	9.223571e-01
1.393999999999957e+00	9.225382e-01
1.394999999999956e+00	9.228868e-01
1.395999999999956e+00	9.234211e-01
1.396999999999956e+00	9.232832e-01
1.397999999999956e+00	9.241292e-01
1.398999999999956e+00	9.240094e-01
1.399999999999956e+00	9.245846e-01
1.400999999999956e+00	9.251796e-01
1.401999999999956e+00	9.253682e-01
1.402999999999956e+00	9.250563e-01
1.403999999999956e+00	9.259017e-01
1.404999999999955e+00	9.262764e-01
1.405999999999955e+00	9.263224e-01
1.406999999999955e+00	9.267781e-01
1.407999999999955e+00	9.267392e-01
1.408999999999955e+00	9.274217e-01
1.409999999999955e+00	9.279745e-01
1.410999999999955e+00	9.276189e-01
1.411999999999955e+00	9.279324e-01
1.412999999999955e+00	9.283928e-01
1.413999999999954e+00	9.282253e-01
1.414999999999954e+00	9.286538e-01
1.415999999999954e+00	9.291339e-01
1.416999999999954e+00	9.295346e-01
1.417999999999954e+00	9.297437e-01
1.418999999999954e+00	9.301607e-01
1.419999999999954e+00	9.297364e-01
1.420999999999954e+00	9.308721e-01
1.421999999999954e+00	9.306823e-01
1.422999999999953e+00	9.313760e-01
1.423999999999953e+00	9.314852e-01
1.424999999999953e+00	9.313884e-01
1.425999999999953e+00	9.317805e-01
1.426999999999953e+00	9.327178e-01
1.427999999999953e+00	9.325629e-01
1.428999999999953e+00	9.330792e-01
1.429999999999953e+00	9.330207e-01
1.430999999999953e+00	9.334076e-01
1.431999999999952e+00	9.343292e-01
1.432999999999952e+00	9.339784e-01
1.433999999999952e+00	9.343615e-01
1.434999999999952e+00	9.350314e-01
1.435999999999952e+00	9.352514e-01
1.436999999999952e+00	9.358420e-01
1.437999999999952e+00	9.360749e-01
1.438999999999952e+00	9.360353e-01
1.439999999999952e+00	9.363949e-01
1.440999999999951e+00	9.369833e-01
1.441999999999951e+00	9.374568e-01
1.442999999999951e+00	9.372033e-01
1.443999999999951e+00	9.375361e-01
1.444999999999951e+00	9.376487e-01
1.445999999999951e+00	9.385788e-01
1.446999999999951e+00	9.391634e-01
1.447999999999951e+00	9.386612e-01
1.448999999999951e+00	9.396941e-01
1.449999999999950e+00	9.398068e-01
1.450999999999950e+00	9.397001e-01
1.451999999999950e+00	9.400167e-01
1.452999999999950e+00	9.405478e-01
1.453999999999950e+00	9.410936e-01
1.454999999999950e+00	9.411259e-01
1.455999999999950e+00	9.413117e-01
1.456999999999950e+00	9.416239e-01
1.457999999999950e+00	9.419507e-01
1.458999999999949e+00	9.422878e-01
1.459999999999949e+00	9.426420e-01
1.460999999999949e+00	9.430617e-01
1.461999999999949e+00	9.437957e-01
1.462999999999949e+00	9.433542e-01
1.463999999999949e+00	9.437435e-01
1.464999999999949e+00	9.446835e-01
1.465999999999949e+00	9.445529e-01
1.466999999999949e+00	9.445378e-01
1.467999999999948e+00	9.448483e-01
1.468999999999948e+00	9.459955e-01
1.469999999999948e+00	9.463124e-01
1.470999999999948e+00	9.461081e-01
1.471999999999948e+00	9.462277e-01
1.472999999999948e+00	9.468415e-01
1.473999999999948e+00	9.474679e-01
1.474999999999948e+00	9.477119e-01
1.475999999999948e+00	9.476325e-01
1.476999999999947e+00	9.477323e-01
1.477999999999947e+00	9.478928e-01
1.478999999999947e+00	9.487991e-01
1.479999999999947e+00	9.491056e-01
1.480999999999947e+00	9.488528e-01
1.481999999999947e+00	9.493865e-01
1.482999999999947e+00	9.496868e-01
1.483999999999947e+00	9.501669e-01
1.484999999999947e+00	9.504648e-01
1.485999999999946e+00	9.510779e-01
1.486999999999946e+00	9.512073e-01
1.487999999999946e+00	9.514380e-01
1.488999999999946e+00	9.517401e-01
1.489999999999946e+00	9.515635e-01
1.490999999999946e+00	9.524655e-01
1.491999999999946e+00	9.527603e-01
1.492999999999946e+00	9.531041e-01
1.493999999999946e+00	9.530028e-01
1.494999999999945e+00	9.532781e-01
1.495999999999945e+00	9.535506e-01
1.496999999999945e+00	9.536814e-01
1.497999999999945e+00	9.545979e-01
1.498999999999945e+00	9.543804e-01
1.499999999999945e+00	9.545911e-01
1.500999999999945e+00	9.557196e-01
1.501999999999945e+00	9.552954e-01
1.502999999999945e+00	9.556022e-01
1.503999999999944e+00	9.560201e-01
1.504999999999944e+00	9.561713e-01
1.505999999999944e+00	9.568297e-01
1.506999999999944e+00	9.572515e-01
1.507999999999944e+00	9.574905e-01
1.508999999999944e+00	9.579334e-01
1.509999999999944e+00	9.581859e-01
1.510999999999944e+00	9.586433e-01
1.511999999999944e+00	9.589369e-01
1.512999999999944e+00	9.586888e-01
1.513999999999943e+00	9.588795e-01
1.514999999999943e+00	9.597268e-01
1.515999999999943e+00	9.596147e-01
1.516999999999943e+00	9.596934e-01
1.517999999999943e+00	9.607046e-01
1.518999999999943e+00	9.608801e-01
1.519999999999943e+00	9.606065e-01
1.520999999999943e+00	9.613023e-01
1.521999999999943e+00	9.616160e-01
1.522999999999942e+00	9.617222e-01
1.523999999999942e+00	9.623898e-01
1.524999999999942e+00	9.626551e-01
1.525999999999942e+00	9.625782e-01
1.526999999999942e+00	9.626330e-01
1.527999999999942e+00	9.634160e-01
1.528999999999942e+00	9.633167e-01
1.529999999999942e+00	9.636367e-01
1.530999999999942e+00	9.641259e-01
1.531999999999941e+00	9.644004e-01
1.532999999999941e+00	9.648441e-01
1.533999999999941e+00	9.649974e-01
1.534999999999941e+00	9.657977e-01
1.535999999999941e+00	9.655250e-01
1.536999999999941e+00	9.657609e-01
1.537999999999941e+00	9.662589e-01
1.538999999999941e+00	9.667980e-01
1.539999999999941e+00	9.668620e-01
1.540999999999940e+00	9.669377e-01
1.541999999999940e+00	9.674525e-01
1.542999999999940e+00	9.676250e-01
1.543999999999940e+00	9.683354e-01
1.544999999999940e+00	9.684075e-01
1.545999999999940e+00	9.689481e-01
1.546999999999940e+00	9.686701e-01
1.547999999999940e+00	9.692855e-01
1.548999999999940e+00	9.690471e-01
1.549999999999939e+00	9.700721e-01
1.550999999999939e+00	9.701169e-01
1.551999999999939e+00	9.695954e-01
1.552999999999939e+00	9.698917e-01
1.553999999999939e+00	9.704573e-01
1.554999999999939e+00	9.703141e-01
1.555999999999939e+00	9.710112e-01
1.556999999999939e+00	9.709288e-01
1.557999999999939e+00	9.706969e-01
1.558999999999938e+00	9.717205e-01
1.559999999999938e+00	9.718672e-01
1.560999999999938e+00	9.719799e-01
1.561999999999938e+00	9.724647e-01
1.562999999999938e+00	9.723757e-01
1.563999999999938e+00	9.726638e-01
1.564999999999938e+00	9.729407e-01
1.565999999999938e+00	9.730459e-01
1.566999999999938e+00	9.740174e-01
1.567999999999937e+00	9.738764e-01
1.568999999999937e+00	9.743613e-01
1.569999999999937e+00	9.742699e-01
1.570999999999937e+00	9.752033e-01
1.571999999999937e+00	9.753687e-01
1.572999999999937e+00	9.758136e-01
1.573999999999937e+00	9.753774e-01
1.574999999999937e+00	9.756997e-01
1.575999999999937e+00	9.761824e-01
1.576999999999936e+00	9.763964e-01
1.577999999999936e+00	9.771910e-01
1.578999999999936e+00	9.769111e-01
1.579999999999936e+00	9.771395e-01
1.580999999999936e+00	9.775922e-01
1.581999999999936e+00	9.778910e-01
1.582999999999936e+00	9.785385e-01
1.583999999999936e+00	9.787964e-01
1.584999999999936e+00	9.787344e-01
1.585999999999935e+00	9.788879e-01
1.586999999999935e+00	9.792514e-01
1.587999999999935e+00	9.792823e-01
1.588999999999935e+00	9.796410e-01
1.589999999999935e+00	9.799599e-01
1.590999999999935e+00	9.800919e-01
1.591999999999935e+00	9.810812e-01
1.592999999999935e+00	9.809397e-01
1.593999999999935e+00	9.813851e-01
1.594999999999934e+00	9.817276e-01
1.595999999999934e+00	9.817577e-01
1.596999999999934e+00	9.821656e-01
1.597999999999934e+00	9.827313e-01
1.598999999999934e+00	9.831371e-01
1.599999999999934e+00	9.831824e-01
1.600999999999934e+00	9.835063e-01
1.601999999999934e+00	9.836039e-01
1.602999999999934e+00	9.835500e-01
1.603999999999933e+00	9.841518e-01
1.604999999999933e+00	9.842076e-01
1.605999999999933e+00	9.849374e-01
1.606999999999933e+00	9.845850e-01
1.607999999999933e+00	9.854031e-01
1.608999999999933e+00	9.856027e-01
1.609999999999933e+00	9.856643e-01
1.610999999999933e+00	9.857427e-01
1.611999999999933e+00	9.862525e-01
1.612999999999932e+00	9.870149e-01
1.613999999999932e+00	9.866369e-01
1.614999999999932e+00	9.873194e-01
1.615999999999932e+00	9.870780e-01
1.616999999999932e+00	9.876180e-01
1.617999999999932e+00	9.878238e-01
1.618999999999932e+00	9.886153e-01
1.619999999999932e+00	9.889572e-01
1.620999999999932e+00	9.889560e-01
1.621999999999931e+00	9.892057e-01
1.622999999999931e+00	9.896877e-01
1.623999999999931e+00	9.894079e-01
1.624999999999931e+00	9.896006e-01
1.625999999999931e+00	9.898450e-01
1.626999999999931e+00	9.908525e-01
1.627999999999931e+00	9.904851e-01
1.628999999999931e+00	9.906151e-01
1.629999999999931e+00	9.916056e-01
1.630999999999931e+00	9.914348e-01
1.631999999999930e+00	9.917484e-01
1.632999999999930e+00	9.923190e-01
1.633999999999930e+00	9.921220e-01
1.634999999999930e+00	9.925111e-01
1.635999999999930e+00	9.926798e-01
1.636999999999930e+00	9.928171e-01
1.637999999999930e+00	9.933455e-01
1.638999999999930e+00	9.933743e-01
1.639999999999930e+00	9.941500e-01
1.640999999999929e+00	9.939938e-01
1.641999999999929e+00	9.942374e-01
1.642999999999929e+00	9.950980e-01
1.643999999999929e+00	9.948277e-01
1.644999999999929e+00	9.949783e-01
1.645999999999929e+00	9.958170e-01
1.646999999999929e+00	9.956656e-01
1.647999999999929e+00	9.964591e-01
1.648999999999929e+00	9.968250e-01
1.649999999999928e+00	9.969366e-01
1.650999999999928e+00	9.968489e-01
1.651999999999928e+00	9.972408e-01
1.652999999999928e+00	9.971429e-01
1.653999999999928e+00	9.976298e-01
1.654999999999928e+00	9.980215e-01
1.655999999999928e+00	9.981779e-01
1.656999999999928e+00	9.982466e-01
1.657999999999928e+00	9.984623e-01
1.658999999999927e+00	9.987796e-01
1.659999999999927e+00	9.992345e-01
1.660999999999927e+00	9.999463e-01
1.661999999999927e+00	1.000244e+00
1.662999999999927e+00	1.000223e+00
1.663999999999927e+00	1.000483e+00
1.664999999999927e+00	1.000405e+00
1.665999999999927e+00	1.001310e+00
1.666999999999927e+00	1.001190e+00
1.667999999999926e+00	1.001153e+00
1.668999999999926e+00	1.001525e+00
1.669999999999926e+00	1.002026e+00
1.670999999999926e+00	1.002158e+00
1.671999999999926e+00	1.002671e+00
1.672999999999926e+00	1.002615e+00
1.673999999999926e+00	1.003015e+00
1.674999999999926e+00	1.003692e+00
1.675999999999926e+00	1.003779e+00
1.676999999999925e+00	1.003649e+00
1.677999999999925e+00	1.003894e+00
1.678999999999925e+00	1.003999e+00
1.679999999999925e+00	1.004999e+00
1.680999999999925e+00	1.004878e+00
1.681999999999925e+00	1.005440e+00
1.682999999999925e+00	1.005398e+00
1.683999999999925e+00	1.005752e+00
1.684999999999925e+00	1.006164e+00
1.685999999999924e+00	1.005908e+00
1.686999999999924e+00	1.006408e+00
1.687999999999924e+00	1.006397e+00
1.688999999999924e+00	1.007043e+00
1.689999999999924e+00	1.007135e+00
1.690999999999924e+00	1.007147e+00
1.691999999999924e+00	1.008021e+00
1.692999999999924e+00	1.008328e+00
1.693999999999924e+00	1.007961e+00
1.694999999999923e+00	1.008193e+00
1.695999999999923e+00	1.008789e+00
1.696999999999923e+00	1.008879e+00
1.697999999999923e+00	1.009763e+00
1.698999999999923e+00	1.009939e+00
1.699999999999923e+00	1.009747e+00
1.700999999999923e+00	1.010305e+00
1.701999999999923e+00	1.010399e+00
1.702999999999923e+00	1.010591e+00
1.703999999999922e+00	1.010720e+00
1.704999999999922e+00	1.011129e+00
1.705999999999922e+00	1.011385e+00
1.706999999999922e+00	1.011567e+00
1.707999999999922e+00	1.011679e+00
1.708999999999922e+00	1.011961e+00
1.709999999999922e+00	1.011797e+00
1.710999999999922e+00	1.011750e+00
1.711999999999922e+00	1.012485e+00
1.712999999999921e+00	1.012244e+00
1.713999999999921e+00	1.012885e+00
1.714999999999921e+00	1.012660e+00
1.715999999999921e+00	1.013593e+00
1.716999999999921e+00	1.013084e+00
1.717999999999921e+00	1.013618e+00
1.718999999999921e+00	1.014332e+00
1.719999999999921e+00	1.014248e+00
1.720999999999921e+00	1.014087e+00
1.721999999999920e+00	1.014556e+00
1.722999999999920e+00	1.014958e+00
1.723999999999920e+00	1.015179e+00
1.724999999999920e+00	1.015531e+00
1.725999999999920e+00	1.016102e+00
1.726999999999920e+00	1.015768e+00
1.727999999999920e+00	1.016363e+00
1.728999999999920e+00	1.016940e+00
1.729999999999920e+00	1.016878e+00
1.730999999999919e+00	1.017106e+00
1.731999999999919e+00	1.016941e+00
1.732999999999919e+00	1.017515e+00
1.733999999999919e+00	1.017594e+00
1.734999999999919e+00	1.017682e+00
1.735999999999919e+00	1.018160e+00
1.736999999999919e+00	1.018817e+00
1.737999999999919e+00	1.018585e+00
1.738999999999919e+00	1.019462e+00
1.739999999999919e+00	1.019480e+00
1.740999999999918e+00	1.019391e+00
1.741999999999918e+00	1.019991e+00
1.742999999999918e+00	1.020005e+00
1.743999999999918e+00	1.020543e+00
1.744999999999918e+00	1.020831e+00
1.745999999999918e+00	1.021168e+00
1.746999999999918e+00	1.021504e+00
1.747999999999918e+00	1.021723e+00
1.748999999999918e+00	1.021400e+00
1.749999999999917e+00	1.022065e+00
1.750999999999917e+00	1.022105e+00
1.751999999999917e+00	1.022616e+00
1.752999999999917e+00	1.022712e+00
1.753999999999917e+00	1.023029e+00
1.754999999999917e+00	1.022910e+00
1.755999999999917e+00	1.023486e+00
1.756999999999917e+00	1.023444e+00
1.757999999999917e+00	1.023777e+00
1.758999999999916e+00	1.024050e+00
1.759999999999916e+00	1.024784e+00
1.760999999999916e+00	1.024566e+00
1.761999999999916e+00	1.024532e+00
1.762999999999916e+00	1.025121e+00
1.763999999999916e+00	1.025745e+00
1.764999999999916e+00	1.025894e+00
1.765999999999916e+00	1.026197e+00
1.766999999999916e+00	1.025883e+00
1.767999999999915e+00	1.026403e+00
1.768999999999915e+00	1.026541e+00
1.769999999999915e+00	1.027032e+00
1.770999999999915e+00	1.027551e+00
1.771999999999915e+00	1.027495e+00
1.772999999999915e+00	1.027902e+00
1.773999999999915e+00	1.027726e+00
1.774999999999915e+00	1.027845e+00
1.775999999999915e+00	1.028229e+00
1.776999999999914e+00	1.028357e+00
1.777999999999914e+00	1.029106e+00
1.778999999999914e+00	1.029270e+00
1.779999999999914e+00	1.029359e+00
1.780999999999914e+00	1.029633e+00
1.781999999999914e+00	1.030119e+00
1.782999999999914e+00	1.030353e+00
1.783999999999914e+00	1.030551e+00
1.784999999999914e+00	1.030368e+00
1.785999999999913e+00	1.030927e+00
1.786999999999913e+00	1.030926e+00
1.787999999999913e+00	1.031495e+00
1.788999999999913e+00	1.031925e+00
1.789999999999913e+00	1.032024e+00
1.790999999999913e+00	1.031745e+00
1.791999999999913e+00	1.032095e+00
1.792999999999913e+00	1.032958e+00
1.793999999999913e+00	1.033117e+00
1.794999999999912e+00	1.032928e+00
1.795999999999912e+00	1.033549e+00
1.796999999999912e+00	1.033833e+00
1.797999999999912e+00	1.033955e+00
1.798999999999912e+00	1.034109e+00
1.799999999999912e+00	1.033970e+00
1.800999999999912e+00	1.034833e+00
1.801999999999912e+00	1.034495e+00
1.802999999999912e+00	1.035254e+00
1.803999999999911e+00	1.035685e+00
1.804999999999911e+00	1.035369e+00
1.805999999999911e+00	1.035602e+00
1.806999999999911e+00	1.036010e+00
1.807999999999911e+00	1.035972e+00
1.808999999999911e+00	1.036714e+00
1.809999999999911e+00	1.037185e+00
1.810999999999911e+00	1.037078e+00
1.811999999999911e+00	1.037374e+00
1.812999999999910e+00	1.037590e+00
1.813999999999910e+00	1.038131e+00
1.814999999999910e+00	1.037928e+00
1.815999999999910e+00	1.038434e+00
1.816999999999910e+00	1.038211e+00
1.817999999999910e+00	1.038708e+00
1.818999999999910e+00	1.039276e+00
1.819999999999910e+00	1.039360e+00
1.820999999999910e+00	1.039497e+00
1.821999999999909e+00	1.039368e+00
1.822999999999909e+00	1.040310e+00
1.823999999999909e+00	1.040278e+00
1.824999999999909e+00	1.040651e+00
1.825999999999909e+00	1.041034e+00
1.826999999999909e+00	1.040568e+00
1.827999999999909e+00	1.041048e+00
1.828999999999909e+00	1.041289e+00
1.829999999999909e+00	1.041527e+00
1.830999999999908e+00	1.042284e+00
1.831999999999908e+00	1.042192e+00
1.832999999999908e+00	1.042710e+00
1.833999999999908e+00	1.042288e+00
1.834999999999908e+00	1.042673e+00
1.835999999999908e+00	1.043173e+00
1.836999999999908e+00	1.043192e+00
1.837999999999908e+00	1.043198e+00
1.838999999999908e+00	1.044205e+00
1.839999999999907e+00	1.044139e+00
1.840999999999907e+00	1.044229e+00
1.841999999999907e+00	1.044223e+00
1.842999999999907e+00	1.045020e+00
1.843999999999907e+00	1.044840e+00
1.844999999999907e+00	1.044891e+00
1.845999999999907e+00	1.045749e+00
1.846999999999907e+00	1.045706e+00
1.847999999999907e+00	1.046226e+00
1.848999999999906e+00	1.046479e+00
1.849999999999906e+00	1.046683e+00
1.850999999999906e+00	1.046472e+00
1.851999999999906e+00	1.046911e+00
1.852999999999906e+00	1.047168e+00
1.853999999999906e+00	1.047567e+00
1.854999999999906e+00	1.047420e+00
1.855999999999906e+00	1.047705e+00
1.856999999999906e+00	1.047938e+00
1.857999999999906e+00	1.048566e+00
1.858999999999905e+00	1.048677e+00
1.859999999999905e+00	1.048813e+00
1.860999999999905e+00	1.049397e+00
1.861999999999905e+00	1.049524e+00
1.862999999999905e+00	1.049825e+00
1.863999999999905e+00	1.049528e+00
1.864999999999905e+00	1.050161e+00
1.865999999999905e+00	1.050657e+00
1.866999999999905e+00	1.050889e+00
1.867999999999904e+00	1.051053e+00
1.868999999999904e+00	1.050713e+00
1.869999999999904e+00	1.051461e+00
1.870999999999904e+00	1.051760e+00
1.871999999999904e+00	1.051672e+00
1.872999999999904e+00	1.051657e+00
1.873999999999904e+00	1.052016e+00
1.874999999999904e+00	1.052271e+00
1.875999999999904e+00	1.052828e+00
1.876999999999903e+00	1.052575e+00
1.877999999999903e+00	1.052856e+00
1.878999999999903e+00	1.053282e+00
1.879999999999903e+00	1.053188e+00
1.880999999999903e+00	1.053654e+00
1.881999999999903e+00	1.054429e+00
1.882999999999903e+00	1.054369e+00
1.883999999999903e+00	1.053851e+00
1.884999999999903e+00	1.054221e+00
1.885999999999902e+00	1.054140e+00
1.886999999999902e+00	1.054785e+00
1.887999999999902e+00	1.054850e+00
1.888999999999902e+00	1.054754e+00
1.889999999999902e+00	1.055207e+00
1.890999999999902e+00	1.055260e+00
1.891999999999902e+00	1.055523e+00
1.892999999999902e+00	1.055985e+00
1.893999999999902e+00	1.056079e+00
1.894999999999901e+00	1.056502e+00
1.895999999999901e+00	1.056784e+00
1.896999999999901e+00	1.056541e+00
1.897999999999901e+00	1.056685e+00
1.898999999999901e+00	1.057271e+00
1.899999999999901e+00	1.057368e+00
1.900999999999901e+00	1.057536e+00
1.901999999999901e+00	1.058275e+00
1.902999999999901e+00	1.058192e+00
1.903999999999900e+00	1.058824e+00
1.904999999999900e+00	1.058816e+00
1.905999999999900e+00	1.059216e+00
1.906999999999900e+00	1.058844e+00
1.907999999999900e+00	1.059736e+00
1.908999999999900e+00	1.059898e+00
1.909999999999900e+00	1.059698e+00
1.910999999999900e+00	1.060279e+00
1.911999999999900e+00	1.060302e+00
1.912999999999899e+00	1.060174e+00
1.913999999999899e+00	1.060582e+00
1.914999999999899e+00	1.061262e+00
1.915999999999899e+00	1.061185e+00
1.916999999999899e+00	1.061199e+00
1.917999999999899e+00	1.061645e+00
1.918999999999899e+00	1.062184e+00
1.919999999999899e+00	1.062202e+00
1.920999999999899e+00	1.062139e+00
1.921999999999898e+00	1.062836e+00
1.922999999999898e+00	1.063049e+00
1.923999999999898e+00	1.063473e+00
1.924999999999898e+00	1.063495e+00
1.925999999999898e+00	1.063695e+00
1.926999999999898e+00	1.063948e+00
1.927999999999898e+00	1.064045e+00
1.928999999999898e+00	1.064151e+00
1.929999999999898e+00	1.064617e+00
1.930999999999897e+00	1.065035e+00
1.931999999999897e+00	1.065268e+00
1.932999999999897e+00	1.064832e+00
1.933999999999897e+00	1.065047e+00
1.934999999999897e+00	1.065547e+00
1.935999999999897e+00	1.065881e+00
1.936999999999897e+00	1.066457e+00
1.937999999999897e+00	1.066090e+00
1.938999999999897e+00	1.066650e+00
1.939999999999896e+00	1.066909e+00
1.940999999999896e+00	1.067044e+00
1.941999999999896e+00	1.067296e+00
1.942999999999896e+00	1.067522e+00
1.943999999999896e+00	1.067399e+00
1.944999999999896e+00	1.068173e+00
1.945999999999896e+00	1.068041e+00
1.946999999999896e+00	1.068408e+00
1.947999999999896e+00	1.068902e+00
1.948999999999895e+00	1.068881e+00
1.949999999999895e+00	1.068762e+00
1.950999999999895e+00	1.069300e+00
1.951999999999895e+00	1.069708e+00
1.952999999999895e+00	1.069743e+00
1.953999999999895e+00	1.070031e+00
1.954999999999895e+00	1.070611e+00
1.955999999999895e+00	1.070349e+00
1.956999999999895e+00	1.070577e+00
1.957999999999894e+00	1.070762e+00
1.958999999999894e+00	1.071278e+00
1.959999999999894e+00	1.071721e+00
1.960999999999894e+00	1.071945e+00
1.961999999999894e+00	1.072179e+00
1.962999999999894e+00	1.072140e+00
1.963999999999894e+00	1.072488e+00
1.964999999999894e+00	1.072697e+00
1.965999999999894e+00	1.073062e+00
1.966999999999894e+00	1.072833e+00
1.967999999999893e+00	1.072891e+00
1.968999999999893e+00	1.073058e+00
1.969999999999893e+00	1.073852e+00
1.970999999999893e+00	1.073940e+00
1.971999999999893e+00	1.074419e+00
1.972999999999893e+00	1.074142e+00
1.973999999999893e+00	1.074531e+00
1.974999999999893e+00	1.074633e+00
1.975999999999893e+00	1.075234e+00
1.976999999999892e+00	1.075428e+00
1.977999999999892e+00	1.075212e+00
1.978999999999892e+00	1.075678e+00
1.979999999999892e+00	1.075963e+00
1.980999999999892e+00	1.076398e+00
1.981999999999892e+00	1.076293e+00
1.982999999999892e+00	1.076718e+00
1.983999999999892e+00	1.076610e+00
1.984999999999892e+00	1.077045e+00
1.985999999999891e+00	1.076979e+00
1.986999999999891e+00	1.077564e+00
1.987999999999891e+00	1.078025e+00
1.988999999999891e+00	1.078171e+00
1.989999999999891e+00	1.078050e+00
1.990999999999891e+00	1.078240e+00
1.991999999999891e+00	1.078722e+00
1.992999999999891e+00	1.078994e+00
1.993999999999891e+00	1.079344e+00
1.994999999999890e+00	1.079672e+00
1.995999999999890e+00	1.079755e+00
1.996999999999890e+00	1.079650e+00
1.997999999999890e+00	1.080033e+00
1.998999999999890e+00	1.080501e+00
2.000000000000000e+00	1.080326e+00
