vout2	Id(M3)	Id(M4)
0.000000000000000e+00	5.439211e-05	1.088618e-04
1.000000000000000e-03	5.439211e-05	1.088618e-04
2.000000000000000e-03	5.439211e-05	1.088617e-04
3.000000000000000e-03	5.439211e-05	1.088617e-04
4.000000000000000e-03	5.439211e-05	1.088616e-04
5.000000000000000e-03	5.439211e-05	1.088615e-04
6.000000000000000e-03	5.439211e-05	1.088615e-04
7.000000000000000e-03	5.439211e-05	1.088614e-04
8.000000000000000e-03	5.439211e-05	1.088614e-04
9.000000000000001e-03	5.439211e-05	1.088613e-04
1.000000000000000e-02	5.439211e-05	1.088613e-04
1.100000000000000e-02	5.439211e-05	1.088612e-04
1.200000000000000e-02	5.439211e-05	1.088611e-04
1.300000000000000e-02	5.439211e-05	1.088611e-04
1.400000000000001e-02	5.439211e-05	1.088610e-04
1.500000000000001e-02	5.439211e-05	1.088610e-04
1.600000000000001e-02	5.439211e-05	1.088609e-04
1.700000000000001e-02	5.439211e-05	1.088608e-04
1.800000000000001e-02	5.439211e-05	1.088608e-04
1.900000000000001e-02	5.439211e-05	1.088607e-04
2.000000000000001e-02	5.439211e-05	1.088607e-04
2.100000000000001e-02	5.439211e-05	1.088606e-04
2.200000000000001e-02	5.439211e-05	1.088606e-04
2.300000000000001e-02	5.439211e-05	1.088605e-04
2.400000000000001e-02	5.439211e-05	1.088604e-04
2.500000000000002e-02	5.439211e-05	1.088604e-04
2.600000000000002e-02	5.439211e-05	1.088603e-04
2.700000000000002e-02	5.439211e-05	1.088603e-04
2.800000000000002e-02	5.439211e-05	1.088602e-04
2.900000000000002e-02	5.439211e-05	1.088601e-04
3.000000000000002e-02	5.439211e-05	1.088601e-04
3.100000000000002e-02	5.439211e-05	1.088600e-04
3.200000000000002e-02	5.439211e-05	1.088600e-04
3.300000000000002e-02	5.439211e-05	1.088599e-04
3.400000000000002e-02	5.439211e-05	1.088599e-04
3.500000000000002e-02	5.439211e-05	1.088598e-04
3.600000000000003e-02	5.439211e-05	1.088597e-04
3.700000000000003e-02	5.439211e-05	1.088597e-04
3.800000000000003e-02	5.439211e-05	1.088596e-04
3.900000000000003e-02	5.439211e-05	1.088596e-04
4.000000000000003e-02	5.439211e-05	1.088595e-04
4.100000000000003e-02	5.439211e-05	1.088595e-04
4.200000000000003e-02	5.439211e-05	1.088594e-04
4.300000000000003e-02	5.439211e-05	1.088593e-04
4.400000000000003e-02	5.439211e-05	1.088593e-04
4.500000000000003e-02	5.439211e-05	1.088592e-04
4.600000000000003e-02	5.439211e-05	1.088592e-04
4.700000000000003e-02	5.439211e-05	1.088591e-04
4.800000000000004e-02	5.439211e-05	1.088591e-04
4.900000000000004e-02	5.439211e-05	1.088590e-04
5.000000000000004e-02	5.439211e-05	1.088589e-04
5.100000000000004e-02	5.439211e-05	1.088589e-04
5.200000000000004e-02	5.439211e-05	1.088588e-04
5.300000000000004e-02	5.439211e-05	1.088588e-04
5.400000000000004e-02	5.439211e-05	1.088587e-04
5.500000000000004e-02	5.439211e-05	1.088586e-04
5.600000000000004e-02	5.439211e-05	1.088586e-04
5.700000000000004e-02	5.439211e-05	1.088585e-04
5.800000000000004e-02	5.439211e-05	1.088585e-04
5.900000000000005e-02	5.439211e-05	1.088584e-04
6.000000000000005e-02	5.439211e-05	1.088584e-04
6.100000000000005e-02	5.439211e-05	1.088583e-04
6.200000000000005e-02	5.439211e-05	1.088582e-04
6.300000000000004e-02	5.439211e-05	1.088582e-04
6.400000000000004e-02	5.439211e-05	1.088581e-04
6.500000000000004e-02	5.439211e-05	1.088581e-04
6.600000000000004e-02	5.439211e-05	1.088580e-04
6.700000000000005e-02	5.439211e-05	1.088580e-04
6.800000000000005e-02	5.439211e-05	1.088579e-04
6.900000000000005e-02	5.439211e-05	1.088578e-04
7.000000000000005e-02	5.439211e-05	1.088578e-04
7.100000000000005e-02	5.439211e-05	1.088577e-04
7.200000000000005e-02	5.439211e-05	1.088577e-04
7.300000000000005e-02	5.439211e-05	1.088576e-04
7.400000000000005e-02	5.439211e-05	1.088575e-04
7.500000000000005e-02	5.439211e-05	1.088575e-04
7.600000000000005e-02	5.439211e-05	1.088574e-04
7.700000000000005e-02	5.439211e-05	1.088574e-04
7.800000000000006e-02	5.439211e-05	1.088573e-04
7.900000000000006e-02	5.439211e-05	1.088573e-04
8.000000000000006e-02	5.439211e-05	1.088572e-04
8.100000000000006e-02	5.439211e-05	1.088571e-04
8.200000000000006e-02	5.439211e-05	1.088571e-04
8.300000000000006e-02	5.439211e-05	1.088570e-04
8.400000000000006e-02	5.439211e-05	1.088570e-04
8.500000000000006e-02	5.439211e-05	1.088569e-04
8.600000000000006e-02	5.439211e-05	1.088568e-04
8.700000000000006e-02	5.439211e-05	1.088568e-04
8.800000000000006e-02	5.439211e-05	1.088567e-04
8.900000000000007e-02	5.439211e-05	1.088567e-04
9.000000000000007e-02	5.439211e-05	1.088566e-04
9.100000000000007e-02	5.439211e-05	1.088566e-04
9.200000000000007e-02	5.439211e-05	1.088565e-04
9.300000000000007e-02	5.439211e-05	1.088564e-04
9.400000000000007e-02	5.439211e-05	1.088564e-04
9.500000000000007e-02	5.439211e-05	1.088563e-04
9.600000000000007e-02	5.439211e-05	1.088563e-04
9.700000000000007e-02	5.439211e-05	1.088562e-04
9.800000000000007e-02	5.439211e-05	1.088561e-04
9.900000000000007e-02	5.439211e-05	1.088561e-04
1.000000000000001e-01	5.439211e-05	1.088560e-04
1.010000000000001e-01	5.439211e-05	1.088560e-04
1.020000000000001e-01	5.439211e-05	1.088559e-04
1.030000000000001e-01	5.439211e-05	1.088559e-04
1.040000000000001e-01	5.439211e-05	1.088558e-04
1.050000000000001e-01	5.439211e-05	1.088557e-04
1.060000000000001e-01	5.439211e-05	1.088557e-04
1.070000000000001e-01	5.439211e-05	1.088556e-04
1.080000000000001e-01	5.439211e-05	1.088556e-04
1.090000000000001e-01	5.439211e-05	1.088555e-04
1.100000000000001e-01	5.439211e-05	1.088554e-04
1.110000000000001e-01	5.439211e-05	1.088554e-04
1.120000000000001e-01	5.439211e-05	1.088553e-04
1.130000000000001e-01	5.439211e-05	1.088553e-04
1.140000000000001e-01	5.439211e-05	1.088552e-04
1.150000000000001e-01	5.439211e-05	1.088552e-04
1.160000000000001e-01	5.439211e-05	1.088551e-04
1.170000000000001e-01	5.439211e-05	1.088550e-04
1.180000000000001e-01	5.439211e-05	1.088550e-04
1.190000000000001e-01	5.439211e-05	1.088549e-04
1.200000000000001e-01	5.439211e-05	1.088549e-04
1.210000000000001e-01	5.439211e-05	1.088548e-04
1.220000000000001e-01	5.439211e-05	1.088548e-04
1.230000000000001e-01	5.439211e-05	1.088547e-04
1.240000000000001e-01	5.439211e-05	1.088546e-04
1.250000000000001e-01	5.439211e-05	1.088546e-04
1.260000000000001e-01	5.439211e-05	1.088545e-04
1.270000000000001e-01	5.439211e-05	1.088545e-04
1.280000000000001e-01	5.439211e-05	1.088544e-04
1.290000000000001e-01	5.439211e-05	1.088543e-04
1.300000000000001e-01	5.439211e-05	1.088543e-04
1.310000000000001e-01	5.439211e-05	1.088542e-04
1.320000000000001e-01	5.439211e-05	1.088542e-04
1.330000000000001e-01	5.439211e-05	1.088541e-04
1.340000000000001e-01	5.439211e-05	1.088541e-04
1.350000000000001e-01	5.439211e-05	1.088540e-04
1.360000000000001e-01	5.439211e-05	1.088539e-04
1.370000000000001e-01	5.439211e-05	1.088539e-04
1.380000000000001e-01	5.439211e-05	1.088538e-04
1.390000000000001e-01	5.439211e-05	1.088538e-04
1.400000000000001e-01	5.439211e-05	1.088537e-04
1.410000000000001e-01	5.439211e-05	1.088537e-04
1.420000000000001e-01	5.439211e-05	1.088536e-04
1.430000000000001e-01	5.439211e-05	1.088535e-04
1.440000000000001e-01	5.439211e-05	1.088535e-04
1.450000000000001e-01	5.439211e-05	1.088534e-04
1.460000000000001e-01	5.439211e-05	1.088534e-04
1.470000000000001e-01	5.439211e-05	1.088533e-04
1.480000000000001e-01	5.439211e-05	1.088532e-04
1.490000000000001e-01	5.439211e-05	1.088532e-04
1.500000000000001e-01	5.439211e-05	1.088531e-04
1.510000000000001e-01	5.439211e-05	1.088531e-04
1.520000000000001e-01	5.439211e-05	1.088530e-04
1.530000000000001e-01	5.439211e-05	1.088530e-04
1.540000000000001e-01	5.439211e-05	1.088529e-04
1.550000000000001e-01	5.439211e-05	1.088528e-04
1.560000000000001e-01	5.439211e-05	1.088528e-04
1.570000000000001e-01	5.439211e-05	1.088527e-04
1.580000000000001e-01	5.439211e-05	1.088527e-04
1.590000000000001e-01	5.439211e-05	1.088526e-04
1.600000000000001e-01	5.439211e-05	1.088525e-04
1.610000000000001e-01	5.439211e-05	1.088525e-04
1.620000000000001e-01	5.439211e-05	1.088524e-04
1.630000000000001e-01	5.439211e-05	1.088524e-04
1.640000000000001e-01	5.439211e-05	1.088523e-04
1.650000000000001e-01	5.439211e-05	1.088523e-04
1.660000000000001e-01	5.439211e-05	1.088522e-04
1.670000000000001e-01	5.439211e-05	1.088521e-04
1.680000000000001e-01	5.439211e-05	1.088521e-04
1.690000000000001e-01	5.439211e-05	1.088520e-04
1.700000000000001e-01	5.439211e-05	1.088520e-04
1.710000000000001e-01	5.439211e-05	1.088519e-04
1.720000000000001e-01	5.439211e-05	1.088518e-04
1.730000000000001e-01	5.439211e-05	1.088518e-04
1.740000000000001e-01	5.439211e-05	1.088517e-04
1.750000000000001e-01	5.439211e-05	1.088517e-04
1.760000000000001e-01	5.439211e-05	1.088516e-04
1.770000000000001e-01	5.439211e-05	1.088515e-04
1.780000000000001e-01	5.439211e-05	1.088515e-04
1.790000000000001e-01	5.439211e-05	1.088514e-04
1.800000000000001e-01	5.439211e-05	1.088514e-04
1.810000000000001e-01	5.439211e-05	1.088513e-04
1.820000000000001e-01	5.439211e-05	1.088513e-04
1.830000000000001e-01	5.439211e-05	1.088512e-04
1.840000000000001e-01	5.439211e-05	1.088511e-04
1.850000000000001e-01	5.439211e-05	1.088511e-04
1.860000000000001e-01	5.439211e-05	1.088510e-04
1.870000000000001e-01	5.439211e-05	1.088510e-04
1.880000000000001e-01	5.439211e-05	1.088509e-04
1.890000000000001e-01	5.439211e-05	1.088509e-04
1.900000000000001e-01	5.439211e-05	1.088508e-04
1.910000000000001e-01	5.439211e-05	1.088507e-04
1.920000000000001e-01	5.439211e-05	1.088507e-04
1.930000000000001e-01	5.439211e-05	1.088506e-04
1.940000000000001e-01	5.439211e-05	1.088506e-04
1.950000000000001e-01	5.439211e-05	1.088505e-04
1.960000000000001e-01	5.439211e-05	1.088504e-04
1.970000000000001e-01	5.439211e-05	1.088504e-04
1.980000000000001e-01	5.439211e-05	1.088503e-04
1.990000000000001e-01	5.439211e-05	1.088503e-04
2.000000000000001e-01	5.439211e-05	1.088502e-04
2.010000000000002e-01	5.439211e-05	1.088502e-04
2.020000000000002e-01	5.439211e-05	1.088501e-04
2.030000000000002e-01	5.439211e-05	1.088500e-04
2.040000000000002e-01	5.439211e-05	1.088500e-04
2.050000000000002e-01	5.439211e-05	1.088499e-04
2.060000000000002e-01	5.439211e-05	1.088499e-04
2.070000000000002e-01	5.439211e-05	1.088498e-04
2.080000000000002e-01	5.439211e-05	1.088497e-04
2.090000000000002e-01	5.439211e-05	1.088497e-04
2.100000000000002e-01	5.439211e-05	1.088496e-04
2.110000000000002e-01	5.439211e-05	1.088496e-04
2.120000000000002e-01	5.439211e-05	1.088495e-04
2.130000000000002e-01	5.439211e-05	1.088495e-04
2.140000000000002e-01	5.439211e-05	1.088494e-04
2.150000000000002e-01	5.439211e-05	1.088493e-04
2.160000000000002e-01	5.439211e-05	1.088493e-04
2.170000000000002e-01	5.439211e-05	1.088492e-04
2.180000000000002e-01	5.439211e-05	1.088492e-04
2.190000000000002e-01	5.439211e-05	1.088491e-04
2.200000000000002e-01	5.439211e-05	1.088490e-04
2.210000000000002e-01	5.439211e-05	1.088490e-04
2.220000000000002e-01	5.439211e-05	1.088489e-04
2.230000000000002e-01	5.439211e-05	1.088489e-04
2.240000000000002e-01	5.439211e-05	1.088488e-04
2.250000000000002e-01	5.439211e-05	1.088488e-04
2.260000000000002e-01	5.439211e-05	1.088487e-04
2.270000000000002e-01	5.439211e-05	1.088486e-04
2.280000000000002e-01	5.439211e-05	1.088486e-04
2.290000000000002e-01	5.439211e-05	1.088485e-04
2.300000000000002e-01	5.439211e-05	1.088485e-04
2.310000000000002e-01	5.439211e-05	1.088484e-04
2.320000000000002e-01	5.439211e-05	1.088483e-04
2.330000000000002e-01	5.439211e-05	1.088483e-04
2.340000000000002e-01	5.439211e-05	1.088482e-04
2.350000000000002e-01	5.439211e-05	1.088482e-04
2.360000000000002e-01	5.439211e-05	1.088481e-04
2.370000000000002e-01	5.439211e-05	1.088480e-04
2.380000000000002e-01	5.439211e-05	1.088480e-04
2.390000000000002e-01	5.439211e-05	1.088479e-04
2.400000000000002e-01	5.439211e-05	1.088479e-04
2.410000000000002e-01	5.439211e-05	1.088478e-04
2.420000000000002e-01	5.439211e-05	1.088478e-04
2.430000000000002e-01	5.439211e-05	1.088477e-04
2.440000000000002e-01	5.439211e-05	1.088476e-04
2.450000000000002e-01	5.439211e-05	1.088476e-04
2.460000000000002e-01	5.439211e-05	1.088475e-04
2.470000000000002e-01	5.439211e-05	1.088475e-04
2.480000000000002e-01	5.439211e-05	1.088474e-04
2.490000000000002e-01	5.439211e-05	1.088474e-04
2.500000000000002e-01	5.439211e-05	1.088473e-04
2.510000000000002e-01	5.439211e-05	1.088472e-04
2.520000000000002e-01	5.439211e-05	1.088472e-04
2.530000000000002e-01	5.439211e-05	1.088471e-04
2.540000000000002e-01	5.439211e-05	1.088471e-04
2.550000000000002e-01	5.439211e-05	1.088470e-04
2.560000000000002e-01	5.439211e-05	1.088469e-04
2.570000000000002e-01	5.439211e-05	1.088469e-04
2.580000000000002e-01	5.439211e-05	1.088468e-04
2.590000000000002e-01	5.439211e-05	1.088468e-04
2.600000000000002e-01	5.439211e-05	1.088467e-04
2.610000000000002e-01	5.439211e-05	1.088467e-04
2.620000000000002e-01	5.439211e-05	1.088466e-04
2.630000000000002e-01	5.439211e-05	1.088465e-04
2.640000000000002e-01	5.439211e-05	1.088465e-04
2.650000000000002e-01	5.439211e-05	1.088464e-04
2.660000000000002e-01	5.439211e-05	1.088464e-04
2.670000000000002e-01	5.439211e-05	1.088463e-04
2.680000000000002e-01	5.439211e-05	1.088462e-04
2.690000000000002e-01	5.439211e-05	1.088462e-04
2.700000000000002e-01	5.439211e-05	1.088461e-04
2.710000000000002e-01	5.439211e-05	1.088461e-04
2.720000000000002e-01	5.439211e-05	1.088460e-04
2.730000000000002e-01	5.439211e-05	1.088459e-04
2.740000000000002e-01	5.439211e-05	1.088459e-04
2.750000000000002e-01	5.439211e-05	1.088458e-04
2.760000000000002e-01	5.439211e-05	1.088458e-04
2.770000000000002e-01	5.439211e-05	1.088457e-04
2.780000000000002e-01	5.439211e-05	1.088457e-04
2.790000000000002e-01	5.439211e-05	1.088456e-04
2.800000000000002e-01	5.439211e-05	1.088455e-04
2.810000000000002e-01	5.439211e-05	1.088455e-04
2.820000000000002e-01	5.439211e-05	1.088454e-04
2.830000000000002e-01	5.439211e-05	1.088454e-04
2.840000000000002e-01	5.439211e-05	1.088453e-04
2.850000000000002e-01	5.439211e-05	1.088452e-04
2.860000000000002e-01	5.439211e-05	1.088452e-04
2.870000000000002e-01	5.439211e-05	1.088451e-04
2.880000000000002e-01	5.439211e-05	1.088451e-04
2.890000000000002e-01	5.439211e-05	1.088450e-04
2.900000000000002e-01	5.439211e-05	1.088449e-04
2.910000000000002e-01	5.439211e-05	1.088449e-04
2.920000000000002e-01	5.439211e-05	1.088448e-04
2.930000000000002e-01	5.439211e-05	1.088448e-04
2.940000000000002e-01	5.439211e-05	1.088447e-04
2.950000000000002e-01	5.439211e-05	1.088447e-04
2.960000000000002e-01	5.439211e-05	1.088446e-04
2.970000000000002e-01	5.439211e-05	1.088445e-04
2.980000000000002e-01	5.439211e-05	1.088445e-04
2.990000000000002e-01	5.439211e-05	1.088444e-04
3.000000000000002e-01	5.439211e-05	1.088444e-04
3.010000000000002e-01	5.439211e-05	1.088443e-04
3.020000000000002e-01	5.439211e-05	1.088443e-04
3.030000000000002e-01	5.439211e-05	1.088442e-04
3.040000000000002e-01	5.439211e-05	1.088441e-04
3.050000000000002e-01	5.439211e-05	1.088441e-04
3.060000000000002e-01	5.439211e-05	1.088440e-04
3.070000000000002e-01	5.439211e-05	1.088440e-04
3.080000000000002e-01	5.439211e-05	1.088439e-04
3.090000000000002e-01	5.439211e-05	1.088438e-04
3.100000000000002e-01	5.439211e-05	1.088438e-04
3.110000000000002e-01	5.439211e-05	1.088437e-04
3.120000000000002e-01	5.439211e-05	1.088437e-04
3.130000000000002e-01	5.439211e-05	1.088436e-04
3.140000000000002e-01	5.439211e-05	1.088435e-04
3.150000000000002e-01	5.439211e-05	1.088435e-04
3.160000000000002e-01	5.439211e-05	1.088434e-04
3.170000000000002e-01	5.439211e-05	1.088434e-04
3.180000000000002e-01	5.439211e-05	1.088433e-04
3.190000000000002e-01	5.439211e-05	1.088433e-04
3.200000000000002e-01	5.439211e-05	1.088432e-04
3.210000000000002e-01	5.439211e-05	1.088431e-04
3.220000000000002e-01	5.439211e-05	1.088431e-04
3.230000000000002e-01	5.439211e-05	1.088430e-04
3.240000000000002e-01	5.439211e-05	1.088430e-04
3.250000000000002e-01	5.439211e-05	1.088429e-04
3.260000000000002e-01	5.439211e-05	1.088428e-04
3.270000000000002e-01	5.439211e-05	1.088428e-04
3.280000000000002e-01	5.439211e-05	1.088427e-04
3.290000000000002e-01	5.439211e-05	1.088427e-04
3.300000000000002e-01	5.439211e-05	1.088426e-04
3.310000000000002e-01	5.439211e-05	1.088425e-04
3.320000000000002e-01	5.439211e-05	1.088425e-04
3.330000000000002e-01	5.439211e-05	1.088424e-04
3.340000000000002e-01	5.439211e-05	1.088424e-04
3.350000000000002e-01	5.439211e-05	1.088423e-04
3.360000000000002e-01	5.439211e-05	1.088423e-04
3.370000000000002e-01	5.439211e-05	1.088422e-04
3.380000000000002e-01	5.439211e-05	1.088421e-04
3.390000000000002e-01	5.439211e-05	1.088421e-04
3.400000000000002e-01	5.439211e-05	1.088420e-04
3.410000000000002e-01	5.439211e-05	1.088420e-04
3.420000000000002e-01	5.439211e-05	1.088419e-04
3.430000000000002e-01	5.439211e-05	1.088418e-04
3.440000000000003e-01	5.439211e-05	1.088418e-04
3.450000000000003e-01	5.439211e-05	1.088417e-04
3.460000000000003e-01	5.439211e-05	1.088417e-04
3.470000000000003e-01	5.439211e-05	1.088416e-04
3.480000000000003e-01	5.439211e-05	1.088416e-04
3.490000000000003e-01	5.439211e-05	1.088415e-04
3.500000000000003e-01	5.439211e-05	1.088414e-04
3.510000000000003e-01	5.439211e-05	1.088414e-04
3.520000000000003e-01	5.439211e-05	1.088413e-04
3.530000000000003e-01	5.439211e-05	1.088413e-04
3.540000000000003e-01	5.439211e-05	1.088412e-04
3.550000000000003e-01	5.439211e-05	1.088411e-04
3.560000000000003e-01	5.439211e-05	1.088411e-04
3.570000000000003e-01	5.439211e-05	1.088410e-04
3.580000000000003e-01	5.439211e-05	1.088410e-04
3.590000000000003e-01	5.439211e-05	1.088409e-04
3.600000000000003e-01	5.439211e-05	1.088408e-04
3.610000000000003e-01	5.439211e-05	1.088408e-04
3.620000000000003e-01	5.439211e-05	1.088407e-04
3.630000000000003e-01	5.439211e-05	1.088407e-04
3.640000000000003e-01	5.439211e-05	1.088406e-04
3.650000000000003e-01	5.439211e-05	1.088405e-04
3.660000000000003e-01	5.439211e-05	1.088405e-04
3.670000000000003e-01	5.439211e-05	1.088404e-04
3.680000000000003e-01	5.439211e-05	1.088404e-04
3.690000000000003e-01	5.439211e-05	1.088403e-04
3.700000000000003e-01	5.439211e-05	1.088403e-04
3.710000000000003e-01	5.439211e-05	1.088402e-04
3.720000000000003e-01	5.439211e-05	1.088401e-04
3.730000000000003e-01	5.439211e-05	1.088401e-04
3.740000000000003e-01	5.439211e-05	1.088400e-04
3.750000000000003e-01	5.439211e-05	1.088400e-04
3.760000000000003e-01	5.439211e-05	1.088399e-04
3.770000000000003e-01	5.439211e-05	1.088398e-04
3.780000000000003e-01	5.439211e-05	1.088398e-04
3.790000000000003e-01	5.439211e-05	1.088397e-04
3.800000000000003e-01	5.439211e-05	1.088397e-04
3.810000000000003e-01	5.439211e-05	1.088396e-04
3.820000000000003e-01	5.439211e-05	1.088396e-04
3.830000000000003e-01	5.439211e-05	1.088395e-04
3.840000000000003e-01	5.439211e-05	1.088394e-04
3.850000000000003e-01	5.439211e-05	1.088394e-04
3.860000000000003e-01	5.439211e-05	1.088393e-04
3.870000000000003e-01	5.439211e-05	1.088393e-04
3.880000000000003e-01	5.439211e-05	1.088392e-04
3.890000000000003e-01	5.439211e-05	1.088391e-04
3.900000000000003e-01	5.439211e-05	1.088391e-04
3.910000000000003e-01	5.439211e-05	1.088390e-04
3.920000000000003e-01	5.439211e-05	1.088390e-04
3.930000000000003e-01	5.439211e-05	1.088389e-04
3.940000000000003e-01	5.439211e-05	1.088388e-04
3.950000000000003e-01	5.439211e-05	1.088388e-04
3.960000000000003e-01	5.439211e-05	1.088387e-04
3.970000000000003e-01	5.439211e-05	1.088387e-04
3.980000000000003e-01	5.439211e-05	1.088386e-04
3.990000000000003e-01	5.439211e-05	1.088385e-04
4.000000000000003e-01	5.439211e-05	1.088385e-04
4.010000000000003e-01	5.439211e-05	1.088384e-04
4.020000000000003e-01	5.439211e-05	1.088384e-04
4.030000000000003e-01	5.439211e-05	1.088383e-04
4.040000000000003e-01	5.439211e-05	1.088382e-04
4.050000000000003e-01	5.439211e-05	1.088382e-04
4.060000000000003e-01	5.439211e-05	1.088381e-04
4.070000000000003e-01	5.439211e-05	1.088381e-04
4.080000000000003e-01	5.439211e-05	1.088380e-04
4.090000000000003e-01	5.439211e-05	1.088380e-04
4.100000000000003e-01	5.439211e-05	1.088379e-04
4.110000000000003e-01	5.439211e-05	1.088378e-04
4.120000000000003e-01	5.439211e-05	1.088378e-04
4.130000000000003e-01	5.439211e-05	1.088377e-04
4.140000000000003e-01	5.439211e-05	1.088377e-04
4.150000000000003e-01	5.439211e-05	1.088376e-04
4.160000000000003e-01	5.439211e-05	1.088375e-04
4.170000000000003e-01	5.439211e-05	1.088375e-04
4.180000000000003e-01	5.439211e-05	1.088374e-04
4.190000000000003e-01	5.439211e-05	1.088374e-04
4.200000000000003e-01	5.439211e-05	1.088373e-04
4.210000000000003e-01	5.439211e-05	1.088372e-04
4.220000000000003e-01	5.439211e-05	1.088372e-04
4.230000000000003e-01	5.439211e-05	1.088371e-04
4.240000000000003e-01	5.439211e-05	1.088371e-04
4.250000000000003e-01	5.439211e-05	1.088370e-04
4.260000000000003e-01	5.439211e-05	1.088370e-04
4.270000000000003e-01	5.439211e-05	1.088369e-04
4.280000000000003e-01	5.439211e-05	1.088368e-04
4.290000000000003e-01	5.439211e-05	1.088368e-04
4.300000000000003e-01	5.439211e-05	1.088367e-04
4.310000000000003e-01	5.439211e-05	1.088367e-04
4.320000000000003e-01	5.439211e-05	1.088366e-04
4.330000000000003e-01	5.439211e-05	1.088365e-04
4.340000000000003e-01	5.439211e-05	1.088365e-04
4.350000000000003e-01	5.439211e-05	1.088364e-04
4.360000000000003e-01	5.439211e-05	1.088364e-04
4.370000000000003e-01	5.439211e-05	1.088363e-04
4.380000000000003e-01	5.439211e-05	1.088362e-04
4.390000000000003e-01	5.439211e-05	1.088362e-04
4.400000000000003e-01	5.439211e-05	1.088361e-04
4.410000000000003e-01	5.439211e-05	1.088361e-04
4.420000000000003e-01	5.439211e-05	1.088360e-04
4.430000000000003e-01	5.439211e-05	1.088359e-04
4.440000000000003e-01	5.439211e-05	1.088359e-04
4.450000000000003e-01	5.439211e-05	1.088358e-04
4.460000000000003e-01	5.439211e-05	1.088358e-04
4.470000000000003e-01	5.439211e-05	1.088357e-04
4.480000000000003e-01	5.439211e-05	1.088357e-04
4.490000000000003e-01	5.439211e-05	1.088356e-04
4.500000000000003e-01	5.439211e-05	1.088355e-04
4.510000000000003e-01	5.439211e-05	1.088355e-04
4.520000000000003e-01	5.439211e-05	1.088354e-04
4.530000000000003e-01	5.439211e-05	1.088354e-04
4.540000000000003e-01	5.439211e-05	1.088353e-04
4.550000000000003e-01	5.439211e-05	1.088352e-04
4.560000000000003e-01	5.439211e-05	1.088352e-04
4.570000000000004e-01	5.439211e-05	1.088351e-04
4.580000000000004e-01	5.439211e-05	1.088351e-04
4.590000000000004e-01	5.439211e-05	1.088350e-04
4.600000000000004e-01	5.439211e-05	1.088349e-04
4.610000000000004e-01	5.439211e-05	1.088349e-04
4.620000000000004e-01	5.439211e-05	1.088348e-04
4.630000000000004e-01	5.439211e-05	1.088348e-04
4.640000000000004e-01	5.439211e-05	1.088347e-04
4.650000000000004e-01	5.439211e-05	1.088346e-04
4.660000000000004e-01	5.439211e-05	1.088346e-04
4.670000000000004e-01	5.439211e-05	1.088345e-04
4.680000000000004e-01	5.439211e-05	1.088345e-04
4.690000000000004e-01	5.439211e-05	1.088344e-04
4.700000000000004e-01	5.439211e-05	1.088343e-04
4.710000000000004e-01	5.439211e-05	1.088343e-04
4.720000000000004e-01	5.439211e-05	1.088342e-04
4.730000000000004e-01	5.439211e-05	1.088342e-04
4.740000000000004e-01	5.439211e-05	1.088341e-04
4.750000000000004e-01	5.439211e-05	1.088340e-04
4.760000000000004e-01	5.439211e-05	1.088340e-04
4.770000000000004e-01	5.439211e-05	1.088339e-04
4.780000000000004e-01	5.439211e-05	1.088339e-04
4.790000000000004e-01	5.439211e-05	1.088338e-04
4.800000000000004e-01	5.439211e-05	1.088338e-04
4.810000000000004e-01	5.439211e-05	1.088337e-04
4.820000000000004e-01	5.439211e-05	1.088336e-04
4.830000000000004e-01	5.439211e-05	1.088336e-04
4.840000000000004e-01	5.439211e-05	1.088335e-04
4.850000000000004e-01	5.439211e-05	1.088335e-04
4.860000000000004e-01	5.439211e-05	1.088334e-04
4.870000000000004e-01	5.439211e-05	1.088333e-04
4.880000000000004e-01	5.439211e-05	1.088333e-04
4.890000000000004e-01	5.439211e-05	1.088332e-04
4.900000000000004e-01	5.439211e-05	1.088332e-04
4.910000000000004e-01	5.439211e-05	1.088331e-04
4.920000000000004e-01	5.439211e-05	1.088330e-04
4.930000000000004e-01	5.439211e-05	1.088330e-04
4.940000000000004e-01	5.439211e-05	1.088329e-04
4.950000000000004e-01	5.439211e-05	1.088329e-04
4.960000000000004e-01	5.439211e-05	1.088328e-04
4.970000000000004e-01	5.439211e-05	1.088327e-04
4.980000000000004e-01	5.439211e-05	1.088327e-04
4.990000000000004e-01	5.439211e-05	1.088326e-04
5.000000000000003e-01	5.439211e-05	1.088326e-04
5.010000000000003e-01	5.439211e-05	1.088325e-04
5.020000000000003e-01	5.439211e-05	1.088324e-04
5.030000000000003e-01	5.439211e-05	1.088324e-04
5.040000000000003e-01	5.439211e-05	1.088323e-04
5.050000000000003e-01	5.439211e-05	1.088323e-04
5.060000000000003e-01	5.439211e-05	1.088322e-04
5.070000000000003e-01	5.439211e-05	1.088321e-04
5.080000000000003e-01	5.439211e-05	1.088321e-04
5.090000000000003e-01	5.439211e-05	1.088320e-04
5.100000000000003e-01	5.439211e-05	1.088320e-04
5.110000000000003e-01	5.439211e-05	1.088319e-04
5.120000000000003e-01	5.439211e-05	1.088318e-04
5.130000000000003e-01	5.439211e-05	1.088318e-04
5.140000000000003e-01	5.439211e-05	1.088317e-04
5.150000000000003e-01	5.439211e-05	1.088317e-04
5.160000000000003e-01	5.439211e-05	1.088316e-04
5.170000000000003e-01	5.439211e-05	1.088315e-04
5.180000000000003e-01	5.439211e-05	1.088315e-04
5.190000000000003e-01	5.439211e-05	1.088314e-04
5.200000000000004e-01	5.439211e-05	1.088314e-04
5.210000000000004e-01	5.439211e-05	1.088313e-04
5.220000000000004e-01	5.439211e-05	1.088312e-04
5.230000000000004e-01	5.439211e-05	1.088312e-04
5.240000000000004e-01	5.439211e-05	1.088311e-04
5.250000000000004e-01	5.439211e-05	1.088311e-04
5.260000000000004e-01	5.439211e-05	1.088310e-04
5.270000000000004e-01	5.439211e-05	1.088309e-04
5.280000000000004e-01	5.439211e-05	1.088309e-04
5.290000000000004e-01	5.439211e-05	1.088308e-04
5.300000000000004e-01	5.439211e-05	1.088308e-04
5.310000000000004e-01	5.439211e-05	1.088307e-04
5.320000000000004e-01	5.439211e-05	1.088306e-04
5.330000000000004e-01	5.439211e-05	1.088306e-04
5.340000000000004e-01	5.439211e-05	1.088305e-04
5.350000000000004e-01	5.439211e-05	1.088305e-04
5.360000000000004e-01	5.439211e-05	1.088304e-04
5.370000000000004e-01	5.439211e-05	1.088303e-04
5.380000000000004e-01	5.439211e-05	1.088303e-04
5.390000000000004e-01	5.439211e-05	1.088302e-04
5.400000000000004e-01	5.439211e-05	1.088302e-04
5.410000000000004e-01	5.439211e-05	1.088301e-04
5.420000000000004e-01	5.439211e-05	1.088300e-04
5.430000000000004e-01	5.439211e-05	1.088300e-04
5.440000000000004e-01	5.439211e-05	1.088299e-04
5.450000000000004e-01	5.439211e-05	1.088299e-04
5.460000000000004e-01	5.439211e-05	1.088298e-04
5.470000000000004e-01	5.439211e-05	1.088297e-04
5.480000000000004e-01	5.439211e-05	1.088297e-04
5.490000000000004e-01	5.439211e-05	1.088296e-04
5.500000000000004e-01	5.439211e-05	1.088296e-04
5.510000000000004e-01	5.439211e-05	1.088295e-04
5.520000000000004e-01	5.439211e-05	1.088294e-04
5.530000000000004e-01	5.439211e-05	1.088294e-04
5.540000000000004e-01	5.439211e-05	1.088293e-04
5.550000000000004e-01	5.439211e-05	1.088293e-04
5.560000000000004e-01	5.439211e-05	1.088292e-04
5.570000000000004e-01	5.439211e-05	1.088291e-04
5.580000000000004e-01	5.439211e-05	1.088291e-04
5.590000000000004e-01	5.439211e-05	1.088290e-04
5.600000000000004e-01	5.439211e-05	1.088290e-04
5.610000000000004e-01	5.439211e-05	1.088289e-04
5.620000000000004e-01	5.439211e-05	1.088288e-04
5.630000000000004e-01	5.439211e-05	1.088288e-04
5.640000000000004e-01	5.439211e-05	1.088287e-04
5.650000000000004e-01	5.439211e-05	1.088287e-04
5.660000000000004e-01	5.439211e-05	1.088286e-04
5.670000000000004e-01	5.439211e-05	1.088285e-04
5.680000000000004e-01	5.439211e-05	1.088285e-04
5.690000000000004e-01	5.439211e-05	1.088284e-04
5.700000000000004e-01	5.439211e-05	1.088284e-04
5.710000000000004e-01	5.439211e-05	1.088283e-04
5.720000000000004e-01	5.439211e-05	1.088282e-04
5.730000000000004e-01	5.439211e-05	1.088282e-04
5.740000000000004e-01	5.439211e-05	1.088281e-04
5.750000000000004e-01	5.439211e-05	1.088281e-04
5.760000000000004e-01	5.439211e-05	1.088280e-04
5.770000000000004e-01	5.439211e-05	1.088279e-04
5.780000000000004e-01	5.439211e-05	1.088279e-04
5.790000000000004e-01	5.439211e-05	1.088278e-04
5.800000000000004e-01	5.439211e-05	1.088278e-04
5.810000000000004e-01	5.439211e-05	1.088277e-04
5.820000000000004e-01	5.439211e-05	1.088276e-04
5.830000000000004e-01	5.439211e-05	1.088276e-04
5.840000000000004e-01	5.439211e-05	1.088275e-04
5.850000000000004e-01	5.439211e-05	1.088275e-04
5.860000000000004e-01	5.439211e-05	1.088274e-04
5.870000000000004e-01	5.439211e-05	1.088273e-04
5.880000000000004e-01	5.439211e-05	1.088273e-04
5.890000000000004e-01	5.439211e-05	1.088272e-04
5.900000000000004e-01	5.439211e-05	1.088271e-04
5.910000000000004e-01	5.439211e-05	1.088271e-04
5.920000000000004e-01	5.439211e-05	1.088270e-04
5.930000000000004e-01	5.439211e-05	1.088270e-04
5.940000000000004e-01	5.439211e-05	1.088269e-04
5.950000000000004e-01	5.439211e-05	1.088268e-04
5.960000000000004e-01	5.439211e-05	1.088268e-04
5.970000000000004e-01	5.439211e-05	1.088267e-04
5.980000000000004e-01	5.439211e-05	1.088267e-04
5.990000000000004e-01	5.439211e-05	1.088266e-04
6.000000000000004e-01	5.439211e-05	1.088265e-04
6.010000000000004e-01	5.439211e-05	1.088265e-04
6.020000000000004e-01	5.439211e-05	1.088264e-04
6.030000000000004e-01	5.439211e-05	1.088264e-04
6.040000000000004e-01	5.439211e-05	1.088263e-04
6.050000000000004e-01	5.439211e-05	1.088262e-04
6.060000000000004e-01	5.439211e-05	1.088262e-04
6.070000000000004e-01	5.439211e-05	1.088261e-04
6.080000000000004e-01	5.439211e-05	1.088261e-04
6.090000000000004e-01	5.439211e-05	1.088260e-04
6.100000000000004e-01	5.439211e-05	1.088259e-04
6.110000000000004e-01	5.439211e-05	1.088259e-04
6.120000000000004e-01	5.439211e-05	1.088258e-04
6.130000000000004e-01	5.439211e-05	1.088257e-04
6.140000000000004e-01	5.439211e-05	1.088257e-04
6.150000000000004e-01	5.439211e-05	1.088256e-04
6.160000000000004e-01	5.439211e-05	1.088256e-04
6.170000000000004e-01	5.439211e-05	1.088255e-04
6.180000000000004e-01	5.439211e-05	1.088254e-04
6.190000000000004e-01	5.439211e-05	1.088254e-04
6.200000000000004e-01	5.439211e-05	1.088253e-04
6.210000000000004e-01	5.439211e-05	1.088253e-04
6.220000000000004e-01	5.439211e-05	1.088252e-04
6.230000000000004e-01	5.439211e-05	1.088251e-04
6.240000000000004e-01	5.439211e-05	1.088251e-04
6.250000000000004e-01	5.439211e-05	1.088250e-04
6.260000000000004e-01	5.439211e-05	1.088250e-04
6.270000000000004e-01	5.439211e-05	1.088249e-04
6.280000000000004e-01	5.439211e-05	1.088248e-04
6.290000000000004e-01	5.439211e-05	1.088248e-04
6.300000000000004e-01	5.439211e-05	1.088247e-04
6.310000000000004e-01	5.439211e-05	1.088246e-04
6.320000000000005e-01	5.439211e-05	1.088246e-04
6.330000000000005e-01	5.439211e-05	1.088245e-04
6.340000000000005e-01	5.439211e-05	1.088245e-04
6.350000000000005e-01	5.439211e-05	1.088244e-04
6.360000000000005e-01	5.439211e-05	1.088243e-04
6.370000000000005e-01	5.439211e-05	1.088243e-04
6.380000000000005e-01	5.439211e-05	1.088242e-04
6.390000000000005e-01	5.439211e-05	1.088242e-04
6.400000000000005e-01	5.439211e-05	1.088241e-04
6.410000000000005e-01	5.439211e-05	1.088240e-04
6.420000000000005e-01	5.439211e-05	1.088240e-04
6.430000000000005e-01	5.439211e-05	1.088239e-04
6.440000000000005e-01	5.439211e-05	1.088238e-04
6.450000000000005e-01	5.439211e-05	1.088238e-04
6.460000000000005e-01	5.439211e-05	1.088237e-04
6.470000000000005e-01	5.439211e-05	1.088237e-04
6.480000000000005e-01	5.439211e-05	1.088236e-04
6.490000000000005e-01	5.439211e-05	1.088235e-04
6.500000000000005e-01	5.439211e-05	1.088235e-04
6.510000000000005e-01	5.439211e-05	1.088234e-04
6.520000000000005e-01	5.439211e-05	1.088233e-04
6.530000000000005e-01	5.439211e-05	1.088233e-04
6.540000000000005e-01	5.439211e-05	1.088232e-04
6.550000000000005e-01	5.439211e-05	1.088232e-04
6.560000000000005e-01	5.439211e-05	1.088231e-04
6.570000000000005e-01	5.439211e-05	1.088230e-04
6.580000000000005e-01	5.439211e-05	1.088230e-04
6.590000000000005e-01	5.439211e-05	1.088229e-04
6.600000000000005e-01	5.439211e-05	1.088229e-04
6.610000000000005e-01	5.439211e-05	1.088228e-04
6.620000000000005e-01	5.439211e-05	1.088227e-04
6.630000000000005e-01	5.439211e-05	1.088227e-04
6.640000000000005e-01	5.439211e-05	1.088226e-04
6.650000000000005e-01	5.439211e-05	1.088225e-04
6.660000000000005e-01	5.439211e-05	1.088225e-04
6.670000000000005e-01	5.439211e-05	1.088224e-04
6.680000000000005e-01	5.439211e-05	1.088224e-04
6.690000000000005e-01	5.439211e-05	1.088223e-04
6.700000000000005e-01	5.439211e-05	1.088222e-04
6.710000000000005e-01	5.439211e-05	1.088222e-04
6.720000000000005e-01	5.439211e-05	1.088221e-04
6.730000000000005e-01	5.439211e-05	1.088220e-04
6.740000000000005e-01	5.439211e-05	1.088220e-04
6.750000000000005e-01	5.439211e-05	1.088219e-04
6.760000000000005e-01	5.439211e-05	1.088218e-04
6.770000000000005e-01	5.439211e-05	1.088218e-04
6.780000000000005e-01	5.439211e-05	1.088217e-04
6.790000000000005e-01	5.439211e-05	1.088217e-04
6.800000000000005e-01	5.439211e-05	1.088216e-04
6.810000000000005e-01	5.439211e-05	1.088215e-04
6.820000000000005e-01	5.439211e-05	1.088215e-04
6.830000000000005e-01	5.439211e-05	1.088214e-04
6.840000000000005e-01	5.439211e-05	1.088213e-04
6.850000000000005e-01	5.439211e-05	1.088213e-04
6.860000000000005e-01	5.439211e-05	1.088212e-04
6.870000000000005e-01	5.439211e-05	1.088212e-04
6.880000000000005e-01	5.439211e-05	1.088211e-04
6.890000000000005e-01	5.439211e-05	1.088210e-04
6.900000000000005e-01	5.439211e-05	1.088210e-04
6.910000000000005e-01	5.439211e-05	1.088209e-04
6.920000000000005e-01	5.439211e-05	1.088208e-04
6.930000000000005e-01	5.439211e-05	1.088208e-04
6.940000000000005e-01	5.439211e-05	1.088207e-04
6.950000000000005e-01	5.439211e-05	1.088206e-04
6.960000000000005e-01	5.439211e-05	1.088206e-04
6.970000000000005e-01	5.439211e-05	1.088205e-04
6.980000000000005e-01	5.439211e-05	1.088205e-04
6.990000000000005e-01	5.439211e-05	1.088204e-04
7.000000000000005e-01	5.439211e-05	1.088203e-04
7.010000000000005e-01	5.439211e-05	1.088203e-04
7.020000000000005e-01	5.439211e-05	1.088202e-04
7.030000000000005e-01	5.439211e-05	1.088201e-04
7.040000000000005e-01	5.439211e-05	1.088201e-04
7.050000000000005e-01	5.439211e-05	1.088200e-04
7.060000000000005e-01	5.439211e-05	1.088199e-04
7.070000000000005e-01	5.439211e-05	1.088199e-04
7.080000000000005e-01	5.439211e-05	1.088198e-04
7.090000000000005e-01	5.439211e-05	1.088198e-04
7.100000000000005e-01	5.439211e-05	1.088197e-04
7.110000000000005e-01	5.439211e-05	1.088196e-04
7.120000000000005e-01	5.439211e-05	1.088196e-04
7.130000000000005e-01	5.439211e-05	1.088195e-04
7.140000000000005e-01	5.439211e-05	1.088194e-04
7.150000000000005e-01	5.439211e-05	1.088194e-04
7.160000000000005e-01	5.439211e-05	1.088193e-04
7.170000000000005e-01	5.439211e-05	1.088192e-04
7.180000000000005e-01	5.439211e-05	1.088192e-04
7.190000000000005e-01	5.439211e-05	1.088191e-04
7.200000000000005e-01	5.439211e-05	1.088190e-04
7.210000000000005e-01	5.439211e-05	1.088190e-04
7.220000000000005e-01	5.439211e-05	1.088189e-04
7.230000000000005e-01	5.439211e-05	1.088188e-04
7.240000000000005e-01	5.439211e-05	1.088188e-04
7.250000000000005e-01	5.439211e-05	1.088187e-04
7.260000000000005e-01	5.439211e-05	1.088186e-04
7.270000000000005e-01	5.439211e-05	1.088186e-04
7.280000000000005e-01	5.439211e-05	1.088185e-04
7.290000000000005e-01	5.439211e-05	1.088185e-04
7.300000000000005e-01	5.439211e-05	1.088184e-04
7.310000000000005e-01	5.439211e-05	1.088183e-04
7.320000000000005e-01	5.439211e-05	1.088183e-04
7.330000000000005e-01	5.439211e-05	1.088182e-04
7.340000000000005e-01	5.439211e-05	1.088181e-04
7.350000000000005e-01	5.439211e-05	1.088181e-04
7.360000000000005e-01	5.439211e-05	1.088180e-04
7.370000000000005e-01	5.439211e-05	1.088179e-04
7.380000000000005e-01	5.439211e-05	1.088179e-04
7.390000000000005e-01	5.439211e-05	1.088178e-04
7.400000000000005e-01	5.439211e-05	1.088177e-04
7.410000000000005e-01	5.439211e-05	1.088177e-04
7.420000000000005e-01	5.439211e-05	1.088176e-04
7.430000000000005e-01	5.439211e-05	1.088175e-04
7.440000000000005e-01	5.439211e-05	1.088175e-04
7.450000000000006e-01	5.439211e-05	1.088174e-04
7.460000000000006e-01	5.439211e-05	1.088173e-04
7.470000000000006e-01	5.439211e-05	1.088173e-04
7.480000000000006e-01	5.439211e-05	1.088172e-04
7.490000000000006e-01	5.439211e-05	1.088171e-04
7.500000000000006e-01	5.439211e-05	1.088171e-04
7.510000000000006e-01	5.439211e-05	1.088170e-04
7.520000000000006e-01	5.439211e-05	1.088169e-04
7.530000000000006e-01	5.439211e-05	1.088169e-04
7.540000000000006e-01	5.439211e-05	1.088168e-04
7.550000000000006e-01	5.439211e-05	1.088167e-04
7.560000000000006e-01	5.439211e-05	1.088166e-04
7.570000000000006e-01	5.439211e-05	1.088166e-04
7.580000000000006e-01	5.439211e-05	1.088165e-04
7.590000000000006e-01	5.439211e-05	1.088164e-04
7.600000000000006e-01	5.439211e-05	1.088164e-04
7.610000000000006e-01	5.439211e-05	1.088163e-04
7.620000000000006e-01	5.439211e-05	1.088162e-04
7.630000000000006e-01	5.439211e-05	1.088162e-04
7.640000000000006e-01	5.439211e-05	1.088161e-04
7.650000000000006e-01	5.439211e-05	1.088160e-04
7.660000000000006e-01	5.439211e-05	1.088160e-04
7.670000000000006e-01	5.439211e-05	1.088159e-04
7.680000000000006e-01	5.439211e-05	1.088158e-04
7.690000000000006e-01	5.439211e-05	1.088158e-04
7.700000000000006e-01	5.439211e-05	1.088157e-04
7.710000000000006e-01	5.439211e-05	1.088156e-04
7.720000000000006e-01	5.439211e-05	1.088155e-04
7.730000000000006e-01	5.439211e-05	1.088155e-04
7.740000000000006e-01	5.439211e-05	1.088154e-04
7.750000000000006e-01	5.439211e-05	1.088153e-04
7.760000000000006e-01	5.439211e-05	1.088153e-04
7.770000000000006e-01	5.439211e-05	1.088152e-04
7.780000000000006e-01	5.439211e-05	1.088151e-04
7.790000000000006e-01	5.439211e-05	1.088151e-04
7.800000000000006e-01	5.439211e-05	1.088150e-04
7.810000000000006e-01	5.439211e-05	1.088149e-04
7.820000000000006e-01	5.439211e-05	1.088148e-04
7.830000000000006e-01	5.439211e-05	1.088148e-04
7.840000000000006e-01	5.439211e-05	1.088147e-04
7.850000000000006e-01	5.439211e-05	1.088146e-04
7.860000000000006e-01	5.439211e-05	1.088146e-04
7.870000000000006e-01	5.439211e-05	1.088145e-04
7.880000000000006e-01	5.439211e-05	1.088144e-04
7.890000000000006e-01	5.439211e-05	1.088143e-04
7.900000000000006e-01	5.439211e-05	1.088143e-04
7.910000000000006e-01	5.439211e-05	1.088142e-04
7.920000000000006e-01	5.439211e-05	1.088141e-04
7.930000000000006e-01	5.439211e-05	1.088140e-04
7.940000000000006e-01	5.439211e-05	1.088140e-04
7.950000000000006e-01	5.439211e-05	1.088139e-04
7.960000000000006e-01	5.439211e-05	1.088138e-04
7.970000000000006e-01	5.439211e-05	1.088137e-04
7.980000000000006e-01	5.439211e-05	1.088137e-04
7.990000000000006e-01	5.439211e-05	1.088136e-04
8.000000000000006e-01	5.439211e-05	1.088135e-04
8.010000000000006e-01	5.439211e-05	1.088135e-04
8.020000000000006e-01	5.439211e-05	1.088134e-04
8.030000000000006e-01	5.439211e-05	1.088133e-04
8.040000000000006e-01	5.439211e-05	1.088132e-04
8.050000000000006e-01	5.439211e-05	1.088131e-04
8.060000000000006e-01	5.439211e-05	1.088131e-04
8.070000000000006e-01	5.439211e-05	1.088130e-04
8.080000000000006e-01	5.439211e-05	1.088129e-04
8.090000000000006e-01	5.439211e-05	1.088128e-04
8.100000000000006e-01	5.439211e-05	1.088128e-04
8.110000000000006e-01	5.439211e-05	1.088127e-04
8.120000000000006e-01	5.439211e-05	1.088126e-04
8.130000000000006e-01	5.439211e-05	1.088125e-04
8.140000000000006e-01	5.439211e-05	1.088125e-04
8.150000000000006e-01	5.439211e-05	1.088124e-04
8.160000000000006e-01	5.439211e-05	1.088123e-04
8.170000000000006e-01	5.439211e-05	1.088122e-04
8.180000000000006e-01	5.439211e-05	1.088121e-04
8.190000000000006e-01	5.439211e-05	1.088121e-04
8.200000000000006e-01	5.439211e-05	1.088120e-04
8.210000000000006e-01	5.439211e-05	1.088119e-04
8.220000000000006e-01	5.439211e-05	1.088118e-04
8.230000000000006e-01	5.439211e-05	1.088117e-04
8.240000000000006e-01	5.439211e-05	1.088117e-04
8.250000000000006e-01	5.439211e-05	1.088116e-04
8.260000000000006e-01	5.439211e-05	1.088115e-04
8.270000000000006e-01	5.439211e-05	1.088114e-04
8.280000000000006e-01	5.439211e-05	1.088113e-04
8.290000000000006e-01	5.439211e-05	1.088113e-04
8.300000000000006e-01	5.439211e-05	1.088112e-04
8.310000000000006e-01	5.439211e-05	1.088111e-04
8.320000000000006e-01	5.439211e-05	1.088110e-04
8.330000000000006e-01	5.439211e-05	1.088109e-04
8.340000000000006e-01	5.439211e-05	1.088108e-04
8.350000000000006e-01	5.439211e-05	1.088108e-04
8.360000000000006e-01	5.439211e-05	1.088107e-04
8.370000000000006e-01	5.439211e-05	1.088106e-04
8.380000000000006e-01	5.439211e-05	1.088105e-04
8.390000000000006e-01	5.439211e-05	1.088104e-04
8.400000000000006e-01	5.439211e-05	1.088103e-04
8.410000000000006e-01	5.439211e-05	1.088102e-04
8.420000000000006e-01	5.439211e-05	1.088101e-04
8.430000000000006e-01	5.439211e-05	1.088101e-04
8.440000000000006e-01	5.439211e-05	1.088100e-04
8.450000000000006e-01	5.439211e-05	1.088099e-04
8.460000000000006e-01	5.439211e-05	1.088098e-04
8.470000000000006e-01	5.439211e-05	1.088097e-04
8.480000000000006e-01	5.439211e-05	1.088096e-04
8.490000000000006e-01	5.439211e-05	1.088095e-04
8.500000000000006e-01	5.439211e-05	1.088094e-04
8.510000000000006e-01	5.439211e-05	1.088093e-04
8.520000000000006e-01	5.439211e-05	1.088092e-04
8.530000000000006e-01	5.439211e-05	1.088091e-04
8.540000000000006e-01	5.439211e-05	1.088091e-04
8.550000000000006e-01	5.439211e-05	1.088090e-04
8.560000000000006e-01	5.439211e-05	1.088089e-04
8.570000000000007e-01	5.439211e-05	1.088088e-04
8.580000000000007e-01	5.439211e-05	1.088087e-04
8.590000000000007e-01	5.439211e-05	1.088086e-04
8.600000000000007e-01	5.439211e-05	1.088085e-04
8.610000000000007e-01	5.439211e-05	1.088084e-04
8.620000000000007e-01	5.439211e-05	1.088083e-04
8.630000000000007e-01	5.439211e-05	1.088082e-04
8.640000000000007e-01	5.439211e-05	1.088081e-04
8.650000000000007e-01	5.439211e-05	1.088080e-04
8.660000000000007e-01	5.439211e-05	1.088079e-04
8.670000000000007e-01	5.439211e-05	1.088078e-04
8.680000000000007e-01	5.439211e-05	1.088077e-04
8.690000000000007e-01	5.439211e-05	1.088076e-04
8.700000000000007e-01	5.439211e-05	1.088075e-04
8.710000000000007e-01	5.439211e-05	1.088074e-04
8.720000000000007e-01	5.439211e-05	1.088073e-04
8.730000000000007e-01	5.439211e-05	1.088071e-04
8.740000000000007e-01	5.439211e-05	1.088070e-04
8.750000000000007e-01	5.439211e-05	1.088069e-04
8.760000000000007e-01	5.439211e-05	1.088068e-04
8.770000000000007e-01	5.439211e-05	1.088067e-04
8.780000000000007e-01	5.439211e-05	1.088066e-04
8.790000000000007e-01	5.439211e-05	1.088065e-04
8.800000000000007e-01	5.439211e-05	1.088064e-04
8.810000000000007e-01	5.439211e-05	1.088062e-04
8.820000000000007e-01	5.439211e-05	1.088061e-04
8.830000000000007e-01	5.439211e-05	1.088060e-04
8.840000000000007e-01	5.439211e-05	1.088059e-04
8.850000000000007e-01	5.439211e-05	1.088058e-04
8.860000000000007e-01	5.439211e-05	1.088057e-04
8.870000000000007e-01	5.439211e-05	1.088055e-04
8.880000000000007e-01	5.439211e-05	1.088054e-04
8.890000000000007e-01	5.439211e-05	1.088053e-04
8.900000000000007e-01	5.439211e-05	1.088052e-04
8.910000000000007e-01	5.439211e-05	1.088050e-04
8.920000000000007e-01	5.439211e-05	1.088049e-04
8.930000000000007e-01	5.439211e-05	1.088048e-04
8.940000000000007e-01	5.439211e-05	1.088046e-04
8.950000000000007e-01	5.439211e-05	1.088045e-04
8.960000000000007e-01	5.439211e-05	1.088044e-04
8.970000000000007e-01	5.439211e-05	1.088042e-04
8.980000000000007e-01	5.439211e-05	1.088041e-04
8.990000000000007e-01	5.439211e-05	1.088040e-04
9.000000000000007e-01	5.439211e-05	1.088038e-04
9.010000000000007e-01	5.439211e-05	1.088037e-04
9.020000000000007e-01	5.439211e-05	1.088035e-04
9.030000000000007e-01	5.439211e-05	1.088034e-04
9.040000000000007e-01	5.439211e-05	1.088033e-04
9.050000000000007e-01	5.439211e-05	1.088031e-04
9.060000000000007e-01	5.439211e-05	1.088030e-04
9.070000000000007e-01	5.439211e-05	1.088028e-04
9.080000000000007e-01	5.439211e-05	1.088026e-04
9.090000000000007e-01	5.439211e-05	1.088025e-04
9.100000000000007e-01	5.439211e-05	1.088023e-04
9.110000000000007e-01	5.439211e-05	1.088022e-04
9.120000000000007e-01	5.439211e-05	1.088020e-04
9.130000000000007e-01	5.439211e-05	1.088018e-04
9.140000000000007e-01	5.439211e-05	1.088017e-04
9.150000000000007e-01	5.439211e-05	1.088015e-04
9.160000000000007e-01	5.439211e-05	1.088013e-04
9.170000000000007e-01	5.439211e-05	1.088011e-04
9.180000000000007e-01	5.439211e-05	1.088010e-04
9.190000000000007e-01	5.439211e-05	1.088008e-04
9.200000000000007e-01	5.439211e-05	1.088006e-04
9.210000000000007e-01	5.439211e-05	1.088004e-04
9.220000000000007e-01	5.439211e-05	1.088002e-04
9.230000000000007e-01	5.439211e-05	1.088000e-04
9.240000000000007e-01	5.439211e-05	1.087998e-04
9.250000000000007e-01	5.439211e-05	1.087996e-04
9.260000000000007e-01	5.439211e-05	1.087994e-04
9.270000000000007e-01	5.439211e-05	1.087992e-04
9.280000000000007e-01	5.439211e-05	1.087990e-04
9.290000000000007e-01	5.439211e-05	1.087988e-04
9.300000000000007e-01	5.439211e-05	1.087986e-04
9.310000000000007e-01	5.439211e-05	1.087984e-04
9.320000000000007e-01	5.439211e-05	1.087982e-04
9.330000000000007e-01	5.439211e-05	1.087979e-04
9.340000000000007e-01	5.439211e-05	1.087977e-04
9.350000000000007e-01	5.439211e-05	1.087975e-04
9.360000000000007e-01	5.439211e-05	1.087972e-04
9.370000000000007e-01	5.439211e-05	1.087970e-04
9.380000000000007e-01	5.439211e-05	1.087967e-04
9.390000000000007e-01	5.439211e-05	1.087965e-04
9.400000000000007e-01	5.439211e-05	1.087962e-04
9.410000000000007e-01	5.439211e-05	1.087960e-04
9.420000000000007e-01	5.439211e-05	1.087957e-04
9.430000000000007e-01	5.439211e-05	1.087954e-04
9.440000000000007e-01	5.439211e-05	1.087952e-04
9.450000000000007e-01	5.439211e-05	1.087949e-04
9.460000000000007e-01	5.439211e-05	1.087946e-04
9.470000000000007e-01	5.439211e-05	1.087943e-04
9.480000000000007e-01	5.439211e-05	1.087940e-04
9.490000000000007e-01	5.439211e-05	1.087937e-04
9.500000000000007e-01	5.439211e-05	1.087934e-04
9.510000000000007e-01	5.439211e-05	1.087931e-04
9.520000000000007e-01	5.439211e-05	1.087927e-04
9.530000000000007e-01	5.439211e-05	1.087924e-04
9.540000000000007e-01	5.439211e-05	1.087921e-04
9.550000000000007e-01	5.439211e-05	1.087917e-04
9.560000000000007e-01	5.439211e-05	1.087914e-04
9.570000000000007e-01	5.439211e-05	1.087910e-04
9.580000000000007e-01	5.439211e-05	1.087906e-04
9.590000000000007e-01	5.439211e-05	1.087903e-04
9.600000000000007e-01	5.439211e-05	1.087899e-04
9.610000000000007e-01	5.439211e-05	1.087895e-04
9.620000000000007e-01	5.439211e-05	1.087891e-04
9.630000000000007e-01	5.439211e-05	1.087887e-04
9.640000000000007e-01	5.439211e-05	1.087883e-04
9.650000000000007e-01	5.439211e-05	1.087879e-04
9.660000000000007e-01	5.439211e-05	1.087874e-04
9.670000000000007e-01	5.439211e-05	1.087870e-04
9.680000000000007e-01	5.439211e-05	1.087865e-04
9.690000000000007e-01	5.439211e-05	1.087861e-04
9.700000000000008e-01	5.439211e-05	1.087856e-04
9.710000000000008e-01	5.439211e-05	1.087851e-04
9.720000000000008e-01	5.439211e-05	1.087846e-04
9.730000000000008e-01	5.439211e-05	1.087841e-04
9.740000000000008e-01	5.439211e-05	1.087836e-04
9.750000000000008e-01	5.439211e-05	1.087831e-04
9.760000000000008e-01	5.439211e-05	1.087825e-04
9.770000000000008e-01	5.439211e-05	1.087820e-04
9.780000000000008e-01	5.439211e-05	1.087814e-04
9.790000000000008e-01	5.439211e-05	1.087809e-04
9.800000000000008e-01	5.439211e-05	1.087803e-04
9.810000000000008e-01	5.439211e-05	1.087797e-04
9.820000000000008e-01	5.439211e-05	1.087791e-04
9.830000000000008e-01	5.439211e-05	1.087784e-04
9.840000000000008e-01	5.439211e-05	1.087778e-04
9.850000000000008e-01	5.439211e-05	1.087771e-04
9.860000000000008e-01	5.439211e-05	1.087765e-04
9.870000000000008e-01	5.439211e-05	1.087758e-04
9.880000000000008e-01	5.439211e-05	1.087751e-04
9.890000000000008e-01	5.439211e-05	1.087744e-04
9.900000000000008e-01	5.439211e-05	1.087736e-04
9.910000000000008e-01	5.439211e-05	1.087729e-04
9.920000000000008e-01	5.439211e-05	1.087721e-04
9.930000000000008e-01	5.439211e-05	1.087713e-04
9.940000000000008e-01	5.439211e-05	1.087705e-04
9.950000000000008e-01	5.439211e-05	1.087697e-04
9.960000000000008e-01	5.439211e-05	1.087689e-04
9.970000000000008e-01	5.439211e-05	1.087680e-04
9.980000000000008e-01	5.439211e-05	1.087672e-04
9.990000000000008e-01	5.439211e-05	1.087663e-04
1.000000000000001e+00	5.439211e-05	1.087654e-04
1.001000000000001e+00	5.439211e-05	1.087644e-04
1.002000000000000e+00	5.439211e-05	1.087635e-04
1.003000000000000e+00	5.439211e-05	1.087625e-04
1.004000000000000e+00	5.439211e-05	1.087615e-04
1.005000000000000e+00	5.439211e-05	1.087605e-04
1.006000000000000e+00	5.439211e-05	1.087595e-04
1.007000000000000e+00	5.439211e-05	1.087584e-04
1.008000000000000e+00	5.439211e-05	1.087574e-04
1.009000000000000e+00	5.439211e-05	1.087563e-04
1.010000000000000e+00	5.439211e-05	1.087552e-04
1.010999999999999e+00	5.439211e-05	1.087540e-04
1.011999999999999e+00	5.439211e-05	1.087529e-04
1.012999999999999e+00	5.439211e-05	1.087517e-04
1.013999999999999e+00	5.439211e-05	1.087505e-04
1.014999999999999e+00	5.439211e-05	1.087492e-04
1.015999999999999e+00	5.439211e-05	1.087480e-04
1.016999999999999e+00	5.439211e-05	1.087467e-04
1.017999999999999e+00	5.439211e-05	1.087454e-04
1.018999999999999e+00	5.439211e-05	1.087441e-04
1.019999999999998e+00	5.439211e-05	1.087427e-04
1.020999999999998e+00	5.439211e-05	1.087413e-04
1.021999999999998e+00	5.439211e-05	1.087399e-04
1.022999999999998e+00	5.439211e-05	1.087385e-04
1.023999999999998e+00	5.439211e-05	1.087370e-04
1.024999999999998e+00	5.439211e-05	1.087356e-04
1.025999999999998e+00	5.439211e-05	1.087340e-04
1.026999999999998e+00	5.439211e-05	1.087325e-04
1.027999999999998e+00	5.439211e-05	1.087309e-04
1.028999999999997e+00	5.439211e-05	1.087294e-04
1.029999999999997e+00	5.439211e-05	1.087277e-04
1.030999999999997e+00	5.439211e-05	1.087261e-04
1.031999999999997e+00	5.439211e-05	1.087244e-04
1.032999999999997e+00	5.439211e-05	1.087227e-04
1.033999999999997e+00	5.439211e-05	1.087210e-04
1.034999999999997e+00	5.439211e-05	1.087192e-04
1.035999999999997e+00	5.439211e-05	1.087174e-04
1.036999999999997e+00	5.439211e-05	1.087156e-04
1.037999999999996e+00	5.439211e-05	1.087138e-04
1.038999999999996e+00	5.439211e-05	1.087119e-04
1.039999999999996e+00	5.439211e-05	1.087100e-04
1.040999999999996e+00	5.439211e-05	1.087081e-04
1.041999999999996e+00	5.439211e-05	1.087061e-04
1.042999999999996e+00	5.439211e-05	1.087041e-04
1.043999999999996e+00	5.439211e-05	1.087021e-04
1.044999999999996e+00	5.439211e-05	1.087000e-04
1.045999999999996e+00	5.439211e-05	1.086980e-04
1.046999999999995e+00	5.439211e-05	1.086958e-04
1.047999999999995e+00	5.439211e-05	1.086937e-04
1.048999999999995e+00	5.439211e-05	1.086915e-04
1.049999999999995e+00	5.439211e-05	1.086893e-04
1.050999999999995e+00	5.439211e-05	1.086871e-04
1.051999999999995e+00	5.439211e-05	1.086848e-04
1.052999999999995e+00	5.439211e-05	1.086825e-04
1.053999999999995e+00	5.439211e-05	1.086802e-04
1.054999999999995e+00	5.439211e-05	1.086779e-04
1.055999999999994e+00	5.439211e-05	1.086755e-04
1.056999999999994e+00	5.439211e-05	1.086731e-04
1.057999999999994e+00	5.439211e-05	1.086706e-04
1.058999999999994e+00	5.439211e-05	1.086681e-04
1.059999999999994e+00	5.439211e-05	1.086656e-04
1.060999999999994e+00	5.439211e-05	1.086631e-04
1.061999999999994e+00	5.439211e-05	1.086605e-04
1.062999999999994e+00	5.439211e-05	1.086579e-04
1.063999999999994e+00	5.439211e-05	1.086553e-04
1.064999999999994e+00	5.439211e-05	1.086526e-04
1.065999999999993e+00	5.439211e-05	1.086499e-04
1.066999999999993e+00	5.439211e-05	1.086472e-04
1.067999999999993e+00	5.439211e-05	1.086444e-04
1.068999999999993e+00	5.439211e-05	1.086416e-04
1.069999999999993e+00	5.439211e-05	1.086388e-04
1.070999999999993e+00	5.439211e-05	1.086360e-04
1.071999999999993e+00	5.439211e-05	1.086331e-04
1.072999999999993e+00	5.439211e-05	1.086302e-04
1.073999999999993e+00	5.439211e-05	1.086272e-04
1.074999999999992e+00	5.439211e-05	1.086242e-04
1.075999999999992e+00	5.439211e-05	1.086212e-04
1.076999999999992e+00	5.439211e-05	1.086182e-04
1.077999999999992e+00	5.439211e-05	1.086151e-04
1.078999999999992e+00	5.439211e-05	1.086120e-04
1.079999999999992e+00	5.439211e-05	1.086089e-04
1.080999999999992e+00	5.439211e-05	1.086058e-04
1.081999999999992e+00	5.439211e-05	1.086026e-04
1.082999999999992e+00	5.439211e-05	1.085993e-04
1.083999999999991e+00	5.439211e-05	1.085961e-04
1.084999999999991e+00	5.439211e-05	1.085928e-04
1.085999999999991e+00	5.439211e-05	1.085895e-04
1.086999999999991e+00	5.439211e-05	1.085862e-04
1.087999999999991e+00	5.439211e-05	1.085828e-04
1.088999999999991e+00	5.439211e-05	1.085794e-04
1.089999999999991e+00	5.439211e-05	1.085759e-04
1.090999999999991e+00	5.439211e-05	1.085725e-04
1.091999999999991e+00	5.439211e-05	1.085690e-04
1.092999999999990e+00	5.439211e-05	1.085655e-04
1.093999999999990e+00	5.439211e-05	1.085619e-04
1.094999999999990e+00	5.439211e-05	1.085583e-04
1.095999999999990e+00	5.439211e-05	1.085547e-04
1.096999999999990e+00	5.439211e-05	1.085511e-04
1.097999999999990e+00	5.439211e-05	1.085474e-04
1.098999999999990e+00	5.439211e-05	1.085437e-04
1.099999999999990e+00	5.439211e-05	1.085400e-04
1.100999999999990e+00	5.439211e-05	1.085362e-04
1.101999999999989e+00	5.439211e-05	1.085324e-04
1.102999999999989e+00	5.439211e-05	1.085286e-04
1.103999999999989e+00	5.439211e-05	1.085248e-04
1.104999999999989e+00	5.439211e-05	1.085209e-04
1.105999999999989e+00	5.439211e-05	1.085170e-04
1.106999999999989e+00	5.439211e-05	1.085130e-04
1.107999999999989e+00	5.439211e-05	1.085091e-04
1.108999999999989e+00	5.439211e-05	1.085051e-04
1.109999999999989e+00	5.439211e-05	1.085011e-04
1.110999999999988e+00	5.439211e-05	1.084970e-04
1.111999999999988e+00	5.439211e-05	1.084930e-04
1.112999999999988e+00	5.439211e-05	1.084889e-04
1.113999999999988e+00	5.439211e-05	1.084847e-04
1.114999999999988e+00	5.439211e-05	1.084806e-04
1.115999999999988e+00	5.439211e-05	1.084764e-04
1.116999999999988e+00	5.439211e-05	1.084722e-04
1.117999999999988e+00	5.439211e-05	1.084679e-04
1.118999999999988e+00	5.439211e-05	1.084637e-04
1.119999999999987e+00	5.439211e-05	1.084594e-04
1.120999999999987e+00	5.439211e-05	1.084551e-04
1.121999999999987e+00	5.439211e-05	1.084507e-04
1.122999999999987e+00	5.439211e-05	1.084464e-04
1.123999999999987e+00	5.439211e-05	1.084420e-04
1.124999999999987e+00	5.439211e-05	1.084375e-04
1.125999999999987e+00	5.439211e-05	1.084331e-04
1.126999999999987e+00	5.439211e-05	1.084286e-04
1.127999999999987e+00	5.439211e-05	1.084241e-04
1.128999999999986e+00	5.439211e-05	1.084196e-04
1.129999999999986e+00	5.439211e-05	1.084150e-04
1.130999999999986e+00	5.439211e-05	1.084104e-04
1.131999999999986e+00	5.439211e-05	1.084058e-04
1.132999999999986e+00	5.439211e-05	1.084012e-04
1.133999999999986e+00	5.439211e-05	1.083965e-04
1.134999999999986e+00	5.439211e-05	1.083919e-04
1.135999999999986e+00	5.439211e-05	1.083871e-04
1.136999999999986e+00	5.439211e-05	1.083824e-04
1.137999999999985e+00	5.439211e-05	1.083777e-04
1.138999999999985e+00	5.439211e-05	1.083729e-04
1.139999999999985e+00	5.439211e-05	1.083681e-04
1.140999999999985e+00	5.439211e-05	1.083632e-04
1.141999999999985e+00	5.439211e-05	1.083584e-04
1.142999999999985e+00	5.439211e-05	1.083535e-04
1.143999999999985e+00	5.439211e-05	1.083486e-04
1.144999999999985e+00	5.439211e-05	1.083437e-04
1.145999999999985e+00	5.439211e-05	1.083387e-04
1.146999999999984e+00	5.439211e-05	1.083337e-04
1.147999999999984e+00	5.439211e-05	1.083287e-04
1.148999999999984e+00	5.439211e-05	1.083237e-04
1.149999999999984e+00	5.439211e-05	1.083187e-04
1.150999999999984e+00	5.439211e-05	1.083136e-04
1.151999999999984e+00	5.439211e-05	1.083085e-04
1.152999999999984e+00	5.439211e-05	1.083034e-04
1.153999999999984e+00	5.439211e-05	1.082983e-04
1.154999999999984e+00	5.439211e-05	1.082931e-04
1.155999999999983e+00	5.439211e-05	1.082879e-04
1.156999999999983e+00	5.439211e-05	1.082827e-04
1.157999999999983e+00	5.439211e-05	1.082775e-04
1.158999999999983e+00	5.439211e-05	1.082722e-04
1.159999999999983e+00	5.439211e-05	1.082670e-04
1.160999999999983e+00	5.439211e-05	1.082617e-04
1.161999999999983e+00	5.439211e-05	1.082564e-04
1.162999999999983e+00	5.439211e-05	1.082510e-04
1.163999999999983e+00	5.439211e-05	1.082457e-04
1.164999999999982e+00	5.439211e-05	1.082403e-04
1.165999999999982e+00	5.439211e-05	1.082349e-04
1.166999999999982e+00	5.439211e-05	1.082295e-04
1.167999999999982e+00	5.439211e-05	1.082240e-04
1.168999999999982e+00	5.439211e-05	1.082185e-04
1.169999999999982e+00	5.439211e-05	1.082131e-04
1.170999999999982e+00	5.439211e-05	1.082076e-04
1.171999999999982e+00	5.439211e-05	1.082020e-04
1.172999999999982e+00	5.439211e-05	1.081965e-04
1.173999999999982e+00	5.439211e-05	1.081909e-04
1.174999999999981e+00	5.439211e-05	1.081853e-04
1.175999999999981e+00	5.439211e-05	1.081797e-04
1.176999999999981e+00	5.439211e-05	1.081741e-04
1.177999999999981e+00	5.439211e-05	1.081684e-04
1.178999999999981e+00	5.439211e-05	1.081628e-04
1.179999999999981e+00	5.439211e-05	1.081571e-04
1.180999999999981e+00	5.439211e-05	1.081514e-04
1.181999999999981e+00	5.439211e-05	1.081457e-04
1.182999999999981e+00	5.439211e-05	1.081399e-04
1.183999999999980e+00	5.439211e-05	1.081341e-04
1.184999999999980e+00	5.439211e-05	1.081284e-04
1.185999999999980e+00	5.439211e-05	1.081225e-04
1.186999999999980e+00	5.439211e-05	1.081167e-04
1.187999999999980e+00	5.439211e-05	1.081109e-04
1.188999999999980e+00	5.439211e-05	1.081050e-04
1.189999999999980e+00	5.439211e-05	1.080991e-04
1.190999999999980e+00	5.439211e-05	1.080932e-04
1.191999999999980e+00	5.439211e-05	1.080873e-04
1.192999999999979e+00	5.439211e-05	1.080814e-04
1.193999999999979e+00	5.439211e-05	1.080754e-04
1.194999999999979e+00	5.439211e-05	1.080695e-04
1.195999999999979e+00	5.439211e-05	1.080635e-04
1.196999999999979e+00	5.439211e-05	1.080575e-04
1.197999999999979e+00	5.439211e-05	1.080514e-04
1.198999999999979e+00	5.439211e-05	1.080454e-04
1.199999999999979e+00	5.439211e-05	1.080393e-04
1.200999999999979e+00	5.439211e-05	1.080333e-04
1.201999999999978e+00	5.439211e-05	1.080272e-04
1.202999999999978e+00	5.439211e-05	1.080210e-04
1.203999999999978e+00	5.439211e-05	1.080149e-04
1.204999999999978e+00	5.439211e-05	1.080088e-04
1.205999999999978e+00	5.439211e-05	1.080026e-04
1.206999999999978e+00	5.439211e-05	1.079964e-04
1.207999999999978e+00	5.439211e-05	1.079902e-04
1.208999999999978e+00	5.439211e-05	1.079840e-04
1.209999999999978e+00	5.439211e-05	1.079778e-04
1.210999999999977e+00	5.439211e-05	1.079715e-04
1.211999999999977e+00	5.439211e-05	1.079652e-04
1.212999999999977e+00	5.439211e-05	1.079590e-04
1.213999999999977e+00	5.439211e-05	1.079527e-04
1.214999999999977e+00	5.439211e-05	1.079463e-04
1.215999999999977e+00	5.439211e-05	1.079400e-04
1.216999999999977e+00	5.439211e-05	1.079337e-04
1.217999999999977e+00	5.439211e-05	1.079273e-04
1.218999999999977e+00	5.439211e-05	1.079209e-04
1.219999999999976e+00	5.439211e-05	1.079145e-04
1.220999999999976e+00	5.439211e-05	1.079081e-04
1.221999999999976e+00	5.439211e-05	1.079017e-04
1.222999999999976e+00	5.439211e-05	1.078952e-04
1.223999999999976e+00	5.439211e-05	1.078888e-04
1.224999999999976e+00	5.439211e-05	1.078823e-04
1.225999999999976e+00	5.439211e-05	1.078758e-04
1.226999999999976e+00	5.439211e-05	1.078693e-04
1.227999999999976e+00	5.439211e-05	1.078627e-04
1.228999999999975e+00	5.439211e-05	1.078562e-04
1.229999999999975e+00	5.439211e-05	1.078496e-04
1.230999999999975e+00	5.439211e-05	1.078431e-04
1.231999999999975e+00	5.439211e-05	1.078365e-04
1.232999999999975e+00	5.439211e-05	1.078299e-04
1.233999999999975e+00	5.439211e-05	1.078233e-04
1.234999999999975e+00	5.439211e-05	1.078166e-04
1.235999999999975e+00	5.439211e-05	1.078100e-04
1.236999999999975e+00	5.439211e-05	1.078033e-04
1.237999999999974e+00	5.439211e-05	1.077966e-04
1.238999999999974e+00	5.439211e-05	1.077900e-04
1.239999999999974e+00	5.439211e-05	1.077832e-04
1.240999999999974e+00	5.439211e-05	1.077765e-04
1.241999999999974e+00	5.439211e-05	1.077698e-04
1.242999999999974e+00	5.439211e-05	1.077630e-04
1.243999999999974e+00	5.439211e-05	1.077563e-04
1.244999999999974e+00	5.439211e-05	1.077495e-04
1.245999999999974e+00	5.439211e-05	1.077427e-04
1.246999999999973e+00	5.439211e-05	1.077359e-04
1.247999999999973e+00	5.439211e-05	1.077291e-04
1.248999999999973e+00	5.439211e-05	1.077222e-04
1.249999999999973e+00	5.439211e-05	1.077154e-04
1.250999999999973e+00	5.439211e-05	1.077085e-04
1.251999999999973e+00	5.439211e-05	1.077016e-04
1.252999999999973e+00	5.439211e-05	1.076947e-04
1.253999999999973e+00	5.439211e-05	1.076878e-04
1.254999999999973e+00	5.439211e-05	1.076809e-04
1.255999999999972e+00	5.439211e-05	1.076739e-04
1.256999999999972e+00	5.439211e-05	1.076670e-04
1.257999999999972e+00	5.439211e-05	1.076600e-04
1.258999999999972e+00	5.439211e-05	1.076530e-04
1.259999999999972e+00	5.439211e-05	1.076460e-04
1.260999999999972e+00	5.439211e-05	1.076390e-04
1.261999999999972e+00	5.439211e-05	1.076320e-04
1.262999999999972e+00	5.439211e-05	1.076250e-04
1.263999999999972e+00	5.439211e-05	1.076179e-04
1.264999999999971e+00	5.439211e-05	1.076108e-04
1.265999999999971e+00	5.439211e-05	1.076038e-04
1.266999999999971e+00	5.439211e-05	1.075967e-04
1.267999999999971e+00	5.439211e-05	1.075895e-04
1.268999999999971e+00	5.439211e-05	1.075824e-04
1.269999999999971e+00	5.439211e-05	1.075753e-04
1.270999999999971e+00	5.439211e-05	1.075681e-04
1.271999999999971e+00	5.439211e-05	1.075610e-04
1.272999999999971e+00	5.439211e-05	1.075538e-04
1.273999999999970e+00	5.439211e-05	1.075466e-04
1.274999999999970e+00	5.439211e-05	1.075394e-04
1.275999999999970e+00	5.439211e-05	1.075322e-04
1.276999999999970e+00	5.439211e-05	1.075249e-04
1.277999999999970e+00	5.439211e-05	1.075177e-04
1.278999999999970e+00	5.439211e-05	1.075104e-04
1.279999999999970e+00	5.439211e-05	1.075032e-04
1.280999999999970e+00	5.439211e-05	1.074959e-04
1.281999999999970e+00	5.439211e-05	1.074886e-04
1.282999999999969e+00	5.439211e-05	1.074812e-04
1.283999999999969e+00	5.439211e-05	1.074739e-04
1.284999999999969e+00	5.439211e-05	1.074666e-04
1.285999999999969e+00	5.439211e-05	1.074592e-04
1.286999999999969e+00	5.439211e-05	1.074518e-04
1.287999999999969e+00	5.439211e-05	1.074445e-04
1.288999999999969e+00	5.439211e-05	1.074371e-04
1.289999999999969e+00	5.439211e-05	1.074296e-04
1.290999999999969e+00	5.439211e-05	1.074222e-04
1.291999999999969e+00	5.439211e-05	1.074148e-04
1.292999999999968e+00	5.439211e-05	1.074073e-04
1.293999999999968e+00	5.439211e-05	1.073998e-04
1.294999999999968e+00	5.439211e-05	1.073924e-04
1.295999999999968e+00	5.439211e-05	1.073849e-04
1.296999999999968e+00	5.439211e-05	1.073773e-04
1.297999999999968e+00	5.439211e-05	1.073698e-04
1.298999999999968e+00	5.439211e-05	1.073623e-04
1.299999999999968e+00	5.439211e-05	1.073547e-04
1.300999999999968e+00	5.439211e-05	1.073472e-04
1.301999999999967e+00	5.439211e-05	1.073396e-04
1.302999999999967e+00	5.439211e-05	1.073320e-04
1.303999999999967e+00	5.439211e-05	1.073244e-04
1.304999999999967e+00	5.439211e-05	1.073167e-04
1.305999999999967e+00	5.439211e-05	1.073091e-04
1.306999999999967e+00	5.439211e-05	1.073014e-04
1.307999999999967e+00	5.439211e-05	1.072938e-04
1.308999999999967e+00	5.439211e-05	1.072861e-04
1.309999999999967e+00	5.439211e-05	1.072784e-04
1.310999999999966e+00	5.439211e-05	1.072707e-04
1.311999999999966e+00	5.439211e-05	1.072629e-04
1.312999999999966e+00	5.439211e-05	1.072552e-04
1.313999999999966e+00	5.439211e-05	1.072474e-04
1.314999999999966e+00	5.439211e-05	1.072397e-04
1.315999999999966e+00	5.439211e-05	1.072319e-04
1.316999999999966e+00	5.439211e-05	1.072241e-04
1.317999999999966e+00	5.439211e-05	1.072162e-04
1.318999999999966e+00	5.439211e-05	1.072084e-04
1.319999999999965e+00	5.439211e-05	1.072006e-04
1.320999999999965e+00	5.439211e-05	1.071927e-04
1.321999999999965e+00	5.439211e-05	1.071848e-04
1.322999999999965e+00	5.439211e-05	1.071769e-04
1.323999999999965e+00	5.439211e-05	1.071690e-04
1.324999999999965e+00	5.439211e-05	1.071611e-04
1.325999999999965e+00	5.439211e-05	1.071532e-04
1.326999999999965e+00	5.439211e-05	1.071452e-04
1.327999999999965e+00	5.439211e-05	1.071372e-04
1.328999999999964e+00	5.439211e-05	1.071292e-04
1.329999999999964e+00	5.439211e-05	1.071212e-04
1.330999999999964e+00	5.439211e-05	1.071132e-04
1.331999999999964e+00	5.439211e-05	1.071052e-04
1.332999999999964e+00	5.439211e-05	1.070971e-04
1.333999999999964e+00	5.439211e-05	1.070891e-04
1.334999999999964e+00	5.439211e-05	1.070810e-04
1.335999999999964e+00	5.439211e-05	1.070729e-04
1.336999999999964e+00	5.439211e-05	1.070647e-04
1.337999999999963e+00	5.439211e-05	1.070566e-04
1.338999999999963e+00	5.439211e-05	1.070485e-04
1.339999999999963e+00	5.439211e-05	1.070403e-04
1.340999999999963e+00	5.439211e-05	1.070321e-04
1.341999999999963e+00	5.439211e-05	1.070239e-04
1.342999999999963e+00	5.439211e-05	1.070157e-04
1.343999999999963e+00	5.439211e-05	1.070074e-04
1.344999999999963e+00	5.439211e-05	1.069992e-04
1.345999999999963e+00	5.439211e-05	1.069909e-04
1.346999999999962e+00	5.439211e-05	1.069826e-04
1.347999999999962e+00	5.439211e-05	1.069743e-04
1.348999999999962e+00	5.439211e-05	1.069659e-04
1.349999999999962e+00	5.439211e-05	1.069576e-04
1.350999999999962e+00	5.439211e-05	1.069492e-04
1.351999999999962e+00	5.439211e-05	1.069408e-04
1.352999999999962e+00	5.439211e-05	1.069324e-04
1.353999999999962e+00	5.439211e-05	1.069240e-04
1.354999999999962e+00	5.439211e-05	1.069156e-04
1.355999999999961e+00	5.439211e-05	1.069071e-04
1.356999999999961e+00	5.439211e-05	1.068986e-04
1.357999999999961e+00	5.439211e-05	1.068901e-04
1.358999999999961e+00	5.439211e-05	1.068816e-04
1.359999999999961e+00	5.439211e-05	1.068730e-04
1.360999999999961e+00	5.439211e-05	1.068645e-04
1.361999999999961e+00	5.439211e-05	1.068559e-04
1.362999999999961e+00	5.439211e-05	1.068473e-04
1.363999999999961e+00	5.439211e-05	1.068387e-04
1.364999999999960e+00	5.439211e-05	1.068300e-04
1.365999999999960e+00	5.439211e-05	1.068213e-04
1.366999999999960e+00	5.439211e-05	1.068127e-04
1.367999999999960e+00	5.439211e-05	1.068039e-04
1.368999999999960e+00	5.439211e-05	1.067952e-04
1.369999999999960e+00	5.439211e-05	1.067864e-04
1.370999999999960e+00	5.439211e-05	1.067777e-04
1.371999999999960e+00	5.439211e-05	1.067688e-04
1.372999999999960e+00	5.439211e-05	1.067600e-04
1.373999999999959e+00	5.439211e-05	1.067512e-04
1.374999999999959e+00	5.439211e-05	1.067423e-04
1.375999999999959e+00	5.439211e-05	1.067334e-04
1.376999999999959e+00	5.439211e-05	1.067245e-04
1.377999999999959e+00	5.439211e-05	1.067155e-04
1.378999999999959e+00	5.439211e-05	1.067065e-04
1.379999999999959e+00	5.439211e-05	1.066976e-04
1.380999999999959e+00	5.439211e-05	1.066885e-04
1.381999999999959e+00	5.439211e-05	1.066795e-04
1.382999999999958e+00	5.439211e-05	1.066704e-04
1.383999999999958e+00	5.439211e-05	1.066613e-04
1.384999999999958e+00	5.439211e-05	1.066522e-04
1.385999999999958e+00	5.439211e-05	1.066430e-04
1.386999999999958e+00	5.439211e-05	1.066338e-04
1.387999999999958e+00	5.439211e-05	1.066246e-04
1.388999999999958e+00	5.439211e-05	1.066154e-04
1.389999999999958e+00	5.439211e-05	1.066061e-04
1.390999999999958e+00	5.439211e-05	1.065968e-04
1.391999999999957e+00	5.439211e-05	1.065875e-04
1.392999999999957e+00	5.439211e-05	1.065781e-04
1.393999999999957e+00	5.439211e-05	1.065687e-04
1.394999999999957e+00	5.439211e-05	1.065593e-04
1.395999999999957e+00	5.439211e-05	1.065499e-04
1.396999999999957e+00	5.439211e-05	1.065404e-04
1.397999999999957e+00	5.439211e-05	1.065309e-04
1.398999999999957e+00	5.439211e-05	1.065213e-04
1.399999999999957e+00	5.439211e-05	1.065117e-04
1.400999999999957e+00	5.439211e-05	1.065021e-04
1.401999999999956e+00	5.439211e-05	1.064925e-04
1.402999999999956e+00	5.439211e-05	1.064828e-04
1.403999999999956e+00	5.439211e-05	1.064731e-04
1.404999999999956e+00	5.439211e-05	1.064633e-04
1.405999999999956e+00	5.439211e-05	1.064535e-04
1.406999999999956e+00	5.439211e-05	1.064437e-04
1.407999999999956e+00	5.439211e-05	1.064339e-04
1.408999999999956e+00	5.439211e-05	1.064240e-04
1.409999999999956e+00	5.439211e-05	1.064140e-04
1.410999999999955e+00	5.439211e-05	1.064040e-04
1.411999999999955e+00	5.439211e-05	1.063940e-04
1.412999999999955e+00	5.439211e-05	1.063840e-04
1.413999999999955e+00	5.439211e-05	1.063739e-04
1.414999999999955e+00	5.439211e-05	1.063638e-04
1.415999999999955e+00	5.439211e-05	1.063536e-04
1.416999999999955e+00	5.439211e-05	1.063434e-04
1.417999999999955e+00	5.439211e-05	1.063331e-04
1.418999999999955e+00	5.439211e-05	1.063228e-04
1.419999999999954e+00	5.439211e-05	1.063124e-04
1.420999999999954e+00	5.439211e-05	1.063020e-04
1.421999999999954e+00	5.439211e-05	1.062916e-04
1.422999999999954e+00	5.439211e-05	1.062811e-04
1.423999999999954e+00	5.439211e-05	1.062706e-04
1.424999999999954e+00	5.439211e-05	1.062600e-04
1.425999999999954e+00	5.439211e-05	1.062493e-04
1.426999999999954e+00	5.439211e-05	1.062386e-04
1.427999999999954e+00	5.439211e-05	1.062279e-04
1.428999999999953e+00	5.439211e-05	1.062171e-04
1.429999999999953e+00	5.439211e-05	1.062063e-04
1.430999999999953e+00	5.439211e-05	1.061954e-04
1.431999999999953e+00	5.439211e-05	1.061844e-04
1.432999999999953e+00	5.439211e-05	1.061734e-04
1.433999999999953e+00	5.439211e-05	1.061623e-04
1.434999999999953e+00	5.439211e-05	1.061512e-04
1.435999999999953e+00	5.439211e-05	1.061400e-04
1.436999999999953e+00	5.439211e-05	1.061288e-04
1.437999999999952e+00	5.439211e-05	1.061175e-04
1.438999999999952e+00	5.439211e-05	1.061061e-04
1.439999999999952e+00	5.439211e-05	1.060947e-04
1.440999999999952e+00	5.439211e-05	1.060832e-04
1.441999999999952e+00	5.439211e-05	1.060716e-04
1.442999999999952e+00	5.439211e-05	1.060600e-04
1.443999999999952e+00	5.439211e-05	1.060483e-04
1.444999999999952e+00	5.439211e-05	1.060366e-04
1.445999999999952e+00	5.439211e-05	1.060247e-04
1.446999999999951e+00	5.439211e-05	1.060128e-04
1.447999999999951e+00	5.439211e-05	1.060008e-04
1.448999999999951e+00	5.439211e-05	1.059888e-04
1.449999999999951e+00	5.439211e-05	1.059767e-04
1.450999999999951e+00	5.439211e-05	1.059644e-04
1.451999999999951e+00	5.439211e-05	1.059521e-04
1.452999999999951e+00	5.439211e-05	1.059398e-04
1.453999999999951e+00	5.439211e-05	1.059273e-04
1.454999999999951e+00	5.439211e-05	1.059148e-04
1.455999999999950e+00	5.439211e-05	1.059022e-04
1.456999999999950e+00	5.439211e-05	1.058894e-04
1.457999999999950e+00	5.439211e-05	1.058766e-04
1.458999999999950e+00	5.439211e-05	1.058637e-04
1.459999999999950e+00	5.439211e-05	1.058508e-04
1.460999999999950e+00	5.439211e-05	1.058377e-04
1.461999999999950e+00	5.439211e-05	1.058245e-04
1.462999999999950e+00	5.439211e-05	1.058112e-04
1.463999999999950e+00	5.439211e-05	1.057978e-04
1.464999999999949e+00	5.439211e-05	1.057844e-04
1.465999999999949e+00	5.439211e-05	1.057708e-04
1.466999999999949e+00	5.439211e-05	1.057571e-04
1.467999999999949e+00	5.439211e-05	1.057433e-04
1.468999999999949e+00	5.439211e-05	1.057293e-04
1.469999999999949e+00	5.439211e-05	1.057153e-04
1.470999999999949e+00	5.439211e-05	1.057012e-04
1.471999999999949e+00	5.439211e-05	1.056869e-04
1.472999999999949e+00	5.439211e-05	1.056725e-04
1.473999999999948e+00	5.439211e-05	1.056580e-04
1.474999999999948e+00	5.439211e-05	1.056433e-04
1.475999999999948e+00	5.439211e-05	1.056285e-04
1.476999999999948e+00	5.439211e-05	1.056136e-04
1.477999999999948e+00	5.439211e-05	1.055986e-04
1.478999999999948e+00	5.439211e-05	1.055834e-04
1.479999999999948e+00	5.439211e-05	1.055681e-04
1.480999999999948e+00	5.439211e-05	1.055526e-04
1.481999999999948e+00	5.439211e-05	1.055370e-04
1.482999999999947e+00	5.439211e-05	1.055212e-04
1.483999999999947e+00	5.439211e-05	1.055052e-04
1.484999999999947e+00	5.439211e-05	1.054891e-04
1.485999999999947e+00	5.439211e-05	1.054729e-04
1.486999999999947e+00	5.439211e-05	1.054565e-04
1.487999999999947e+00	5.439211e-05	1.054399e-04
1.488999999999947e+00	5.439211e-05	1.054231e-04
1.489999999999947e+00	5.439211e-05	1.054061e-04
1.490999999999947e+00	5.439211e-05	1.053890e-04
1.491999999999946e+00	5.439211e-05	1.053717e-04
1.492999999999946e+00	5.439211e-05	1.053541e-04
1.493999999999946e+00	5.439211e-05	1.053364e-04
1.494999999999946e+00	5.439211e-05	1.053185e-04
1.495999999999946e+00	5.439211e-05	1.053004e-04
1.496999999999946e+00	5.439211e-05	1.052821e-04
1.497999999999946e+00	5.439211e-05	1.052635e-04
1.498999999999946e+00	5.439211e-05	1.052447e-04
1.499999999999946e+00	5.439211e-05	1.052257e-04
1.500999999999945e+00	5.439211e-05	1.052065e-04
1.501999999999945e+00	5.439211e-05	1.051870e-04
1.502999999999945e+00	5.439211e-05	1.051673e-04
1.503999999999945e+00	5.439211e-05	1.051474e-04
1.504999999999945e+00	5.439211e-05	1.051271e-04
1.505999999999945e+00	5.439211e-05	1.051067e-04
1.506999999999945e+00	5.439211e-05	1.050859e-04
1.507999999999945e+00	5.439211e-05	1.050649e-04
1.508999999999945e+00	5.439211e-05	1.050436e-04
1.509999999999944e+00	5.439211e-05	1.050220e-04
1.510999999999944e+00	5.439211e-05	1.050001e-04
1.511999999999944e+00	5.439211e-05	1.049779e-04
1.512999999999944e+00	5.439211e-05	1.049554e-04
1.513999999999944e+00	5.439211e-05	1.049325e-04
1.514999999999944e+00	5.439211e-05	1.049094e-04
1.515999999999944e+00	5.439211e-05	1.048859e-04
1.516999999999944e+00	5.439211e-05	1.048620e-04
1.517999999999944e+00	5.439211e-05	1.048378e-04
1.518999999999944e+00	5.439211e-05	1.048133e-04
1.519999999999943e+00	5.439211e-05	1.047883e-04
1.520999999999943e+00	5.439211e-05	1.047630e-04
1.521999999999943e+00	5.439211e-05	1.047373e-04
1.522999999999943e+00	5.439211e-05	1.047112e-04
1.523999999999943e+00	5.439211e-05	1.046847e-04
1.524999999999943e+00	5.439211e-05	1.046578e-04
1.525999999999943e+00	5.439211e-05	1.046304e-04
1.526999999999943e+00	5.439211e-05	1.046026e-04
1.527999999999943e+00	5.439211e-05	1.045743e-04
1.528999999999942e+00	5.439211e-05	1.045456e-04
1.529999999999942e+00	5.439211e-05	1.045163e-04
1.530999999999942e+00	5.439211e-05	1.044866e-04
1.531999999999942e+00	5.439211e-05	1.044564e-04
1.532999999999942e+00	5.439211e-05	1.044256e-04
1.533999999999942e+00	5.439211e-05	1.043944e-04
1.534999999999942e+00	5.439211e-05	1.043625e-04
1.535999999999942e+00	5.439211e-05	1.043301e-04
1.536999999999942e+00	5.439211e-05	1.042972e-04
1.537999999999941e+00	5.439211e-05	1.042636e-04
1.538999999999941e+00	5.439211e-05	1.042295e-04
1.539999999999941e+00	5.439211e-05	1.041947e-04
1.540999999999941e+00	5.439211e-05	1.041593e-04
1.541999999999941e+00	5.439211e-05	1.041232e-04
1.542999999999941e+00	5.439211e-05	1.040864e-04
1.543999999999941e+00	5.439211e-05	1.040490e-04
1.544999999999941e+00	5.439211e-05	1.040108e-04
1.545999999999941e+00	5.439211e-05	1.039719e-04
1.546999999999940e+00	5.439211e-05	1.039323e-04
1.547999999999940e+00	5.439211e-05	1.038919e-04
1.548999999999940e+00	5.439211e-05	1.038507e-04
1.549999999999940e+00	5.439211e-05	1.038088e-04
1.550999999999940e+00	5.439211e-05	1.037659e-04
1.551999999999940e+00	5.439211e-05	1.037223e-04
1.552999999999940e+00	5.439211e-05	1.036777e-04
1.553999999999940e+00	5.439211e-05	1.036323e-04
1.554999999999940e+00	5.439211e-05	1.035860e-04
1.555999999999939e+00	5.439211e-05	1.035387e-04
1.556999999999939e+00	5.439211e-05	1.034904e-04
1.557999999999939e+00	5.439211e-05	1.034412e-04
1.558999999999939e+00	5.439211e-05	1.033909e-04
1.559999999999939e+00	5.439211e-05	1.033396e-04
1.560999999999939e+00	5.439211e-05	1.032873e-04
1.561999999999939e+00	5.439211e-05	1.032338e-04
1.562999999999939e+00	5.439211e-05	1.031792e-04
1.563999999999939e+00	5.439211e-05	1.031235e-04
1.564999999999938e+00	5.439211e-05	1.030666e-04
1.565999999999938e+00	5.439211e-05	1.030085e-04
1.566999999999938e+00	5.439211e-05	1.029491e-04
1.567999999999938e+00	5.439211e-05	1.028885e-04
1.568999999999938e+00	5.439211e-05	1.028266e-04
1.569999999999938e+00	5.439211e-05	1.027634e-04
1.570999999999938e+00	5.439211e-05	1.026988e-04
1.571999999999938e+00	5.439211e-05	1.026328e-04
1.572999999999938e+00	5.439211e-05	1.025654e-04
1.573999999999937e+00	5.439211e-05	1.024965e-04
1.574999999999937e+00	5.439211e-05	1.024262e-04
1.575999999999937e+00	5.439211e-05	1.023543e-04
1.576999999999937e+00	5.439211e-05	1.022808e-04
1.577999999999937e+00	5.439211e-05	1.022058e-04
1.578999999999937e+00	5.439211e-05	1.021291e-04
1.579999999999937e+00	5.439211e-05	1.020508e-04
1.580999999999937e+00	5.439211e-05	1.019707e-04
1.581999999999937e+00	5.439211e-05	1.018889e-04
1.582999999999936e+00	5.439211e-05	1.018053e-04
1.583999999999936e+00	5.439211e-05	1.017199e-04
1.584999999999936e+00	5.439211e-05	1.016327e-04
1.585999999999936e+00	5.439211e-05	1.015435e-04
1.586999999999936e+00	5.439211e-05	1.014524e-04
1.587999999999936e+00	5.439211e-05	1.013594e-04
1.588999999999936e+00	5.439211e-05	1.012643e-04
1.589999999999936e+00	5.439211e-05	1.011672e-04
1.590999999999936e+00	5.439211e-05	1.010680e-04
1.591999999999935e+00	5.439211e-05	1.009666e-04
1.592999999999935e+00	5.439211e-05	1.008631e-04
1.593999999999935e+00	5.439211e-05	1.007573e-04
1.594999999999935e+00	5.439211e-05	1.006493e-04
1.595999999999935e+00	5.439211e-05	1.005390e-04
1.596999999999935e+00	5.439211e-05	1.004264e-04
1.597999999999935e+00	5.439211e-05	1.003114e-04
1.598999999999935e+00	5.439211e-05	1.001939e-04
1.599999999999935e+00	5.439211e-05	1.000740e-04
1.600999999999934e+00	5.439211e-05	9.995161e-05
1.601999999999934e+00	5.439211e-05	9.982666e-05
1.602999999999934e+00	5.439211e-05	9.969912e-05
1.603999999999934e+00	5.439211e-05	9.956896e-05
1.604999999999934e+00	5.439211e-05	9.943613e-05
1.605999999999934e+00	5.439211e-05	9.930059e-05
1.606999999999934e+00	5.439211e-05	9.916231e-05
1.607999999999934e+00	5.439211e-05	9.902124e-05
1.608999999999934e+00	5.439211e-05	9.887733e-05
1.609999999999933e+00	5.439211e-05	9.873057e-05
1.610999999999933e+00	5.439211e-05	9.858089e-05
1.611999999999933e+00	5.439211e-05	9.842827e-05
1.612999999999933e+00	5.439211e-05	9.827268e-05
1.613999999999933e+00	5.439211e-05	9.811405e-05
1.614999999999933e+00	5.439211e-05	9.795238e-05
1.615999999999933e+00	5.439211e-05	9.778760e-05
1.616999999999933e+00	5.439211e-05	9.761968e-05
1.617999999999933e+00	5.439211e-05	9.744860e-05
1.618999999999932e+00	5.439211e-05	9.727432e-05
1.619999999999932e+00	5.439211e-05	9.709680e-05
1.620999999999932e+00	5.439211e-05	9.691600e-05
1.621999999999932e+00	5.439211e-05	9.673190e-05
1.622999999999932e+00	5.439211e-05	9.654445e-05
1.623999999999932e+00	5.439211e-05	9.635363e-05
1.624999999999932e+00	5.439211e-05	9.615941e-05
1.625999999999932e+00	5.439211e-05	9.596174e-05
1.626999999999932e+00	5.439211e-05	9.576060e-05
1.627999999999932e+00	5.439211e-05	9.555597e-05
1.628999999999931e+00	5.439211e-05	9.534781e-05
1.629999999999931e+00	5.439211e-05	9.513609e-05
1.630999999999931e+00	5.439211e-05	9.492078e-05
1.631999999999931e+00	5.439211e-05	9.470186e-05
1.632999999999931e+00	5.439211e-05	9.447930e-05
1.633999999999931e+00	5.439211e-05	9.425308e-05
1.634999999999931e+00	5.439211e-05	9.402315e-05
1.635999999999931e+00	5.439211e-05	9.378952e-05
1.636999999999931e+00	5.439211e-05	9.355214e-05
1.637999999999930e+00	5.439211e-05	9.331099e-05
1.638999999999930e+00	5.439211e-05	9.306606e-05
1.639999999999930e+00	5.439211e-05	9.281732e-05
1.640999999999930e+00	5.439211e-05	9.256475e-05
1.641999999999930e+00	5.439211e-05	9.230833e-05
1.642999999999930e+00	5.439211e-05	9.204803e-05
1.643999999999930e+00	5.439211e-05	9.178385e-05
1.644999999999930e+00	5.439211e-05	9.151575e-05
1.645999999999930e+00	5.439211e-05	9.124372e-05
1.646999999999929e+00	5.439211e-05	9.096775e-05
1.647999999999929e+00	5.439211e-05	9.068782e-05
1.648999999999929e+00	5.439211e-05	9.040390e-05
1.649999999999929e+00	5.439211e-05	9.011600e-05
1.650999999999929e+00	5.439211e-05	8.982408e-05
1.651999999999929e+00	5.439211e-05	8.952814e-05
1.652999999999929e+00	5.439211e-05	8.922817e-05
1.653999999999929e+00	5.439211e-05	8.892414e-05
1.654999999999929e+00	5.439211e-05	8.861605e-05
1.655999999999928e+00	5.439211e-05	8.830388e-05
1.656999999999928e+00	5.439211e-05	8.798762e-05
1.657999999999928e+00	5.439211e-05	8.766728e-05
1.658999999999928e+00	5.439211e-05	8.734281e-05
1.659999999999928e+00	5.439211e-05	8.701423e-05
1.660999999999928e+00	5.439211e-05	8.668153e-05
1.661999999999928e+00	5.439211e-05	8.634468e-05
1.662999999999928e+00	5.439211e-05	8.600370e-05
1.663999999999928e+00	5.439211e-05	8.565855e-05
1.664999999999927e+00	5.439211e-05	8.530925e-05
1.665999999999927e+00	5.439211e-05	8.495578e-05
1.666999999999927e+00	5.439211e-05	8.459813e-05
1.667999999999927e+00	5.439211e-05	8.423630e-05
1.668999999999927e+00	5.439211e-05	8.387028e-05
1.669999999999927e+00	5.439211e-05	8.350008e-05
1.670999999999927e+00	5.439211e-05	8.312567e-05
1.671999999999927e+00	5.439211e-05	8.274706e-05
1.672999999999927e+00	5.439211e-05	8.236425e-05
1.673999999999926e+00	5.439211e-05	8.197722e-05
1.674999999999926e+00	5.439211e-05	8.158598e-05
1.675999999999926e+00	5.439211e-05	8.119052e-05
1.676999999999926e+00	5.439211e-05	8.079084e-05
1.677999999999926e+00	5.439211e-05	8.038693e-05
1.678999999999926e+00	5.439211e-05	7.997880e-05
1.679999999999926e+00	5.439211e-05	7.956645e-05
1.680999999999926e+00	5.439211e-05	7.914985e-05
1.681999999999926e+00	5.439211e-05	7.872903e-05
1.682999999999925e+00	5.439211e-05	7.830398e-05
1.683999999999925e+00	5.439211e-05	7.787468e-05
1.684999999999925e+00	5.439211e-05	7.744116e-05
1.685999999999925e+00	5.439211e-05	7.700340e-05
1.686999999999925e+00	5.439211e-05	7.656140e-05
1.687999999999925e+00	5.439211e-05	7.611517e-05
1.688999999999925e+00	5.439211e-05	7.566470e-05
1.689999999999925e+00	5.439211e-05	7.520999e-05
1.690999999999925e+00	5.439211e-05	7.475105e-05
1.691999999999924e+00	5.439211e-05	7.428788e-05
1.692999999999924e+00	5.439211e-05	7.382046e-05
1.693999999999924e+00	5.439211e-05	7.334882e-05
1.694999999999924e+00	5.439211e-05	7.287294e-05
1.695999999999924e+00	5.439211e-05	7.239284e-05
1.696999999999924e+00	5.439211e-05	7.190850e-05
1.697999999999924e+00	5.439211e-05	7.141993e-05
1.698999999999924e+00	5.439211e-05	7.092715e-05
1.699999999999924e+00	5.439211e-05	7.043013e-05
1.700999999999923e+00	5.439211e-05	6.992889e-05
1.701999999999923e+00	5.439211e-05	6.942344e-05
1.702999999999923e+00	5.439211e-05	6.891377e-05
1.703999999999923e+00	5.439211e-05	6.839987e-05
1.704999999999923e+00	5.439211e-05	6.788177e-05
1.705999999999923e+00	5.439211e-05	6.735946e-05
1.706999999999923e+00	5.439211e-05	6.683294e-05
1.707999999999923e+00	5.439211e-05	6.630221e-05
1.708999999999923e+00	5.439211e-05	6.576729e-05
1.709999999999922e+00	5.439211e-05	6.522817e-05
1.710999999999922e+00	5.439211e-05	6.468485e-05
1.711999999999922e+00	5.439211e-05	6.413733e-05
1.712999999999922e+00	5.439211e-05	6.358563e-05
1.713999999999922e+00	5.439211e-05	6.302974e-05
1.714999999999922e+00	5.439211e-05	6.246967e-05
1.715999999999922e+00	5.439211e-05	6.190542e-05
1.716999999999922e+00	5.439211e-05	6.133700e-05
1.717999999999922e+00	5.439211e-05	6.076440e-05
1.718999999999921e+00	5.439211e-05	6.018763e-05
1.719999999999921e+00	5.439211e-05	5.960670e-05
1.720999999999921e+00	5.439211e-05	5.902161e-05
1.721999999999921e+00	5.439211e-05	5.843236e-05
1.722999999999921e+00	5.439211e-05	5.783895e-05
1.723999999999921e+00	5.439211e-05	5.724140e-05
1.724999999999921e+00	5.439211e-05	5.663970e-05
1.725999999999921e+00	5.439211e-05	5.603386e-05
1.726999999999921e+00	5.439211e-05	5.542388e-05
1.727999999999920e+00	5.439211e-05	5.480976e-05
1.728999999999920e+00	5.439211e-05	5.419152e-05
1.729999999999920e+00	5.439211e-05	5.356915e-05
1.730999999999920e+00	5.439211e-05	5.294265e-05
1.731999999999920e+00	5.439211e-05	5.231205e-05
1.732999999999920e+00	5.439211e-05	5.167732e-05
1.733999999999920e+00	5.439211e-05	5.103849e-05
1.734999999999920e+00	5.439211e-05	5.039555e-05
1.735999999999920e+00	5.439211e-05	4.974851e-05
1.736999999999919e+00	5.439211e-05	4.909737e-05
1.737999999999919e+00	5.439211e-05	4.844214e-05
1.738999999999919e+00	5.439211e-05	4.778282e-05
1.739999999999919e+00	5.439211e-05	4.711941e-05
1.740999999999919e+00	5.439211e-05	4.645193e-05
1.741999999999919e+00	5.439211e-05	4.578037e-05
1.742999999999919e+00	5.439211e-05	4.510474e-05
1.743999999999919e+00	5.439211e-05	4.442504e-05
1.744999999999919e+00	5.439211e-05	4.374128e-05
1.745999999999919e+00	5.439211e-05	4.305346e-05
1.746999999999918e+00	5.439211e-05	4.236158e-05
1.747999999999918e+00	5.439211e-05	4.166565e-05
1.748999999999918e+00	5.439211e-05	4.096568e-05
1.749999999999918e+00	5.439211e-05	4.026166e-05
1.750999999999918e+00	5.439211e-05	3.955361e-05
1.751999999999918e+00	5.439211e-05	3.884152e-05
1.752999999999918e+00	5.439211e-05	3.812541e-05
1.753999999999918e+00	5.439211e-05	3.740527e-05
1.754999999999918e+00	5.439211e-05	3.668111e-05
1.755999999999917e+00	5.439211e-05	3.595293e-05
1.756999999999917e+00	5.439211e-05	3.522075e-05
1.757999999999917e+00	5.439211e-05	3.448455e-05
1.758999999999917e+00	5.439211e-05	3.374435e-05
1.759999999999917e+00	5.439211e-05	3.300015e-05
1.760999999999917e+00	5.439211e-05	3.225196e-05
1.761999999999917e+00	5.439211e-05	3.149977e-05
1.762999999999917e+00	5.439211e-05	3.074360e-05
1.763999999999917e+00	5.439211e-05	2.998345e-05
1.764999999999916e+00	5.439211e-05	2.921931e-05
1.765999999999916e+00	5.439211e-05	2.845121e-05
1.766999999999916e+00	5.439211e-05	2.767913e-05
1.767999999999916e+00	5.439211e-05	2.690309e-05
1.768999999999916e+00	5.439211e-05	2.612309e-05
1.769999999999916e+00	5.439211e-05	2.533912e-05
1.770999999999916e+00	5.439211e-05	2.455121e-05
1.771999999999916e+00	5.439211e-05	2.375934e-05
1.772999999999916e+00	5.439211e-05	2.296354e-05
1.773999999999915e+00	5.439211e-05	2.216379e-05
1.774999999999915e+00	5.439211e-05	2.136010e-05
1.775999999999915e+00	5.439211e-05	2.055248e-05
1.776999999999915e+00	5.439211e-05	1.974093e-05
1.777999999999915e+00	5.439211e-05	1.892546e-05
1.778999999999915e+00	5.439211e-05	1.810606e-05
1.779999999999915e+00	5.439211e-05	1.728275e-05
1.780999999999915e+00	5.439211e-05	1.645553e-05
1.781999999999915e+00	5.439211e-05	1.562440e-05
1.782999999999914e+00	5.439211e-05	1.478936e-05
1.783999999999914e+00	5.439211e-05	1.395042e-05
1.784999999999914e+00	5.439211e-05	1.310758e-05
1.785999999999914e+00	5.439211e-05	1.226085e-05
1.786999999999914e+00	5.439211e-05	1.141023e-05
1.787999999999914e+00	5.439211e-05	1.055573e-05
1.788999999999914e+00	5.439211e-05	9.697343e-06
1.789999999999914e+00	5.439211e-05	8.835079e-06
1.790999999999914e+00	5.439211e-05	7.968942e-06
1.791999999999913e+00	5.439211e-05	7.098934e-06
1.792999999999913e+00	5.439211e-05	6.225060e-06
1.793999999999913e+00	5.439211e-05	5.347324e-06
1.794999999999913e+00	5.439211e-05	4.465728e-06
1.795999999999913e+00	5.439211e-05	3.580278e-06
1.796999999999913e+00	5.439211e-05	2.690976e-06
1.797999999999913e+00	5.439211e-05	1.797827e-06
1.798999999999913e+00	5.439211e-05	9.008335e-07
1.800000000000000e+00	5.439211e-05	-2.152050e-16
