vout3	Id(M7)	Id(M8)
0.000000000000000e+00	5.765237e-11	0.000000e+00
1.000000000000000e-03	5.911069e-11	4.117744e-12
2.000000000000000e-03	6.061388e-11	8.411720e-12
3.000000000000000e-03	6.215737e-11	1.274428e-11
4.000000000000000e-03	6.374344e-11	1.716019e-11
5.000000000000000e-03	6.537326e-11	2.165857e-11
6.000000000000000e-03	6.704804e-11	2.623856e-11
7.000000000000000e-03	6.876901e-11	3.089935e-11
8.000000000000000e-03	7.053744e-11	3.564010e-11
9.000000000000001e-03	7.235463e-11	4.046009e-11
1.000000000000000e-02	7.422193e-11	4.535864e-11
1.100000000000000e-02	7.614070e-11	5.033516e-11
1.200000000000000e-02	7.811238e-11	5.538918e-11
1.300000000000000e-02	8.013840e-11	6.052036e-11
1.400000000000001e-02	8.222027e-11	6.572851e-11
1.500000000000001e-02	8.435951e-11	7.101362e-11
1.600000000000001e-02	8.655770e-11	7.637586e-11
1.700000000000001e-02	8.881646e-11	8.181561e-11
1.800000000000001e-02	9.113745e-11	8.733348e-11
1.900000000000001e-02	9.352238e-11	9.293032e-11
2.000000000000001e-02	9.597301e-11	9.860724e-11
2.100000000000001e-02	9.849114e-11	1.043656e-10
2.200000000000001e-02	1.010786e-10	1.102071e-10
2.300000000000001e-02	1.037373e-10	1.161336e-10
2.400000000000001e-02	1.064693e-10	1.221473e-10
2.500000000000002e-02	1.092764e-10	1.282509e-10
2.600000000000002e-02	1.121609e-10	1.344470e-10
2.700000000000002e-02	1.151247e-10	1.407388e-10
2.800000000000002e-02	1.181701e-10	1.471298e-10
2.900000000000002e-02	1.212993e-10	1.536235e-10
3.000000000000002e-02	1.245146e-10	1.602240e-10
3.100000000000002e-02	1.278184e-10	1.669354e-10
3.200000000000002e-02	1.312131e-10	1.737623e-10
3.300000000000002e-02	1.347012e-10	1.807093e-10
3.400000000000002e-02	1.382852e-10	1.877816e-10
3.500000000000002e-02	1.419677e-10	1.949842e-10
3.600000000000003e-02	1.457516e-10	2.023226e-10
3.700000000000003e-02	1.496394e-10	2.098025e-10
3.800000000000003e-02	1.536342e-10	2.174296e-10
3.900000000000003e-02	1.577388e-10	2.252100e-10
4.000000000000003e-02	1.619562e-10	2.331499e-10
4.100000000000003e-02	1.662895e-10	2.412558e-10
4.200000000000003e-02	1.707418e-10	2.495340e-10
4.300000000000003e-02	1.753166e-10	2.579915e-10
4.400000000000003e-02	1.800169e-10	2.666350e-10
4.500000000000003e-02	1.848464e-10	2.754715e-10
4.600000000000003e-02	1.898086e-10	2.845084e-10
4.700000000000003e-02	1.949070e-10	2.937529e-10
4.800000000000004e-02	2.001454e-10	3.032125e-10
4.900000000000004e-02	2.055276e-10	3.128948e-10
5.000000000000004e-02	2.110576e-10	3.228078e-10
5.100000000000004e-02	2.167394e-10	3.329594e-10
5.200000000000004e-02	2.225771e-10	3.433577e-10
5.300000000000004e-02	2.285750e-10	3.540110e-10
5.400000000000004e-02	2.347374e-10	3.649278e-10
5.500000000000004e-02	2.410689e-10	3.761168e-10
5.600000000000004e-02	2.475740e-10	3.875867e-10
5.700000000000004e-02	2.542576e-10	3.993467e-10
5.800000000000004e-02	2.611244e-10	4.114058e-10
5.900000000000005e-02	2.681795e-10	4.237735e-10
6.000000000000005e-02	2.754280e-10	4.364595e-10
6.100000000000005e-02	2.828751e-10	4.494734e-10
6.200000000000005e-02	2.905263e-10	4.628255e-10
6.300000000000004e-02	2.983872e-10	4.765259e-10
6.400000000000004e-02	3.064634e-10	4.905853e-10
6.500000000000004e-02	3.147609e-10	5.050142e-10
6.600000000000004e-02	3.232856e-10	5.198238e-10
6.700000000000005e-02	3.320437e-10	5.350253e-10
6.800000000000005e-02	3.410416e-10	5.506302e-10
6.900000000000005e-02	3.502858e-10	5.666504e-10
7.000000000000005e-02	3.597830e-10	5.830980e-10
7.100000000000005e-02	3.695401e-10	5.999852e-10
7.200000000000005e-02	3.795641e-10	6.173250e-10
7.300000000000005e-02	3.898624e-10	6.351302e-10
7.400000000000005e-02	4.004423e-10	6.534143e-10
7.500000000000005e-02	4.113115e-10	6.721909e-10
7.600000000000005e-02	4.224779e-10	6.914740e-10
7.700000000000005e-02	4.339495e-10	7.112781e-10
7.800000000000006e-02	4.457347e-10	7.316179e-10
7.900000000000006e-02	4.578419e-10	7.525086e-10
8.000000000000006e-02	4.702798e-10	7.739656e-10
8.100000000000006e-02	4.830575e-10	7.960048e-10
8.200000000000006e-02	4.961842e-10	8.186428e-10
8.300000000000006e-02	5.096693e-10	8.418961e-10
8.400000000000006e-02	5.235225e-10	8.657819e-10
8.500000000000006e-02	5.377538e-10	8.903182e-10
8.600000000000006e-02	5.523734e-10	9.155227e-10
8.700000000000006e-02	5.673920e-10	9.414142e-10
8.800000000000006e-02	5.828201e-10	9.680118e-10
8.900000000000007e-02	5.986691e-10	9.953350e-10
9.000000000000007e-02	6.149501e-10	1.023404e-09
9.100000000000007e-02	6.316749e-10	1.052239e-09
9.200000000000007e-02	6.488556e-10	1.081862e-09
9.300000000000007e-02	6.665044e-10	1.112294e-09
9.400000000000007e-02	6.846340e-10	1.143558e-09
9.500000000000007e-02	7.032573e-10	1.175677e-09
9.600000000000007e-02	7.223878e-10	1.208673e-09
9.700000000000007e-02	7.420390e-10	1.242572e-09
9.800000000000007e-02	7.622251e-10	1.277398e-09
9.900000000000007e-02	7.829605e-10	1.313176e-09
1.000000000000001e-01	8.042599e-10	1.349932e-09
1.010000000000001e-01	8.261386e-10	1.387695e-09
1.020000000000001e-01	8.486122e-10	1.426490e-09
1.030000000000001e-01	8.716967e-10	1.466346e-09
1.040000000000001e-01	8.954085e-10	1.507293e-09
1.050000000000001e-01	9.197647e-10	1.549359e-09
1.060000000000001e-01	9.447824e-10	1.592576e-09
1.070000000000001e-01	9.704795e-10	1.636976e-09
1.080000000000001e-01	9.968741e-10	1.682589e-09
1.090000000000001e-01	1.023985e-09	1.729450e-09
1.100000000000001e-01	1.051832e-09	1.777592e-09
1.110000000000001e-01	1.080434e-09	1.827051e-09
1.120000000000001e-01	1.109812e-09	1.877861e-09
1.130000000000001e-01	1.139986e-09	1.930061e-09
1.140000000000001e-01	1.170979e-09	1.983687e-09
1.150000000000001e-01	1.202811e-09	2.038778e-09
1.160000000000001e-01	1.235505e-09	2.095374e-09
1.170000000000001e-01	1.269084e-09	2.153516e-09
1.180000000000001e-01	1.303573e-09	2.213247e-09
1.190000000000001e-01	1.338995e-09	2.274608e-09
1.200000000000001e-01	1.375376e-09	2.337644e-09
1.210000000000001e-01	1.412740e-09	2.402401e-09
1.220000000000001e-01	1.451115e-09	2.468924e-09
1.230000000000001e-01	1.490528e-09	2.537263e-09
1.240000000000001e-01	1.531005e-09	2.607465e-09
1.250000000000001e-01	1.572576e-09	2.679581e-09
1.260000000000001e-01	1.615269e-09	2.753664e-09
1.270000000000001e-01	1.659115e-09	2.829765e-09
1.280000000000001e-01	1.704144e-09	2.907939e-09
1.290000000000001e-01	1.750388e-09	2.988243e-09
1.300000000000001e-01	1.797879e-09	3.070734e-09
1.310000000000001e-01	1.846651e-09	3.155470e-09
1.320000000000001e-01	1.896737e-09	3.242512e-09
1.330000000000001e-01	1.948172e-09	3.331922e-09
1.340000000000001e-01	2.000993e-09	3.423764e-09
1.350000000000001e-01	2.055236e-09	3.518103e-09
1.360000000000001e-01	2.110938e-09	3.615006e-09
1.370000000000001e-01	2.168139e-09	3.714542e-09
1.380000000000001e-01	2.226878e-09	3.816781e-09
1.390000000000001e-01	2.287197e-09	3.921797e-09
1.400000000000001e-01	2.349136e-09	4.029662e-09
1.410000000000001e-01	2.412739e-09	4.140455e-09
1.420000000000001e-01	2.478050e-09	4.254253e-09
1.430000000000001e-01	2.545114e-09	4.371136e-09
1.440000000000001e-01	2.613977e-09	4.491187e-09
1.450000000000001e-01	2.684687e-09	4.614491e-09
1.460000000000001e-01	2.757293e-09	4.741135e-09
1.470000000000001e-01	2.831845e-09	4.871207e-09
1.480000000000001e-01	2.908393e-09	5.004799e-09
1.490000000000001e-01	2.986991e-09	5.142005e-09
1.500000000000001e-01	3.067693e-09	5.282921e-09
1.510000000000001e-01	3.150554e-09	5.427646e-09
1.520000000000001e-01	3.235630e-09	5.576282e-09
1.530000000000001e-01	3.322981e-09	5.728932e-09
1.540000000000001e-01	3.412665e-09	5.885703e-09
1.550000000000001e-01	3.504745e-09	6.046704e-09
1.560000000000001e-01	3.599282e-09	6.212049e-09
1.570000000000001e-01	3.696342e-09	6.381851e-09
1.580000000000001e-01	3.795991e-09	6.556229e-09
1.590000000000001e-01	3.898295e-09	6.735305e-09
1.600000000000001e-01	4.003326e-09	6.919203e-09
1.610000000000001e-01	4.111154e-09	7.108050e-09
1.620000000000001e-01	4.221852e-09	7.301977e-09
1.630000000000001e-01	4.335496e-09	7.501118e-09
1.640000000000001e-01	4.452161e-09	7.705612e-09
1.650000000000001e-01	4.571928e-09	7.915599e-09
1.660000000000001e-01	4.694876e-09	8.131225e-09
1.670000000000001e-01	4.821090e-09	8.352636e-09
1.680000000000001e-01	4.950653e-09	8.579987e-09
1.690000000000001e-01	5.083653e-09	8.813434e-09
1.700000000000001e-01	5.220179e-09	9.053137e-09
1.710000000000001e-01	5.360324e-09	9.299260e-09
1.720000000000001e-01	5.504179e-09	9.551971e-09
1.730000000000001e-01	5.651843e-09	9.811444e-09
1.740000000000001e-01	5.803414e-09	1.007786e-08
1.750000000000001e-01	5.958993e-09	1.035139e-08
1.760000000000001e-01	6.118683e-09	1.063223e-08
1.770000000000001e-01	6.282592e-09	1.092057e-08
1.780000000000001e-01	6.450827e-09	1.121660e-08
1.790000000000001e-01	6.623502e-09	1.152053e-08
1.800000000000001e-01	6.800729e-09	1.183256e-08
1.810000000000001e-01	6.982627e-09	1.215290e-08
1.820000000000001e-01	7.169317e-09	1.248177e-08
1.830000000000001e-01	7.360920e-09	1.281940e-08
1.840000000000001e-01	7.557564e-09	1.316600e-08
1.850000000000001e-01	7.759380e-09	1.352182e-08
1.860000000000001e-01	7.966497e-09	1.388709e-08
1.870000000000001e-01	8.179054e-09	1.426205e-08
1.880000000000001e-01	8.397190e-09	1.464697e-08
1.890000000000001e-01	8.621047e-09	1.504209e-08
1.900000000000001e-01	8.850772e-09	1.544769e-08
1.910000000000001e-01	9.086515e-09	1.586402e-08
1.920000000000001e-01	9.328430e-09	1.629138e-08
1.930000000000001e-01	9.576675e-09	1.673004e-08
1.940000000000001e-01	9.831409e-09	1.718030e-08
1.950000000000001e-01	1.009280e-08	1.764246e-08
1.960000000000001e-01	1.036102e-08	1.811682e-08
1.970000000000001e-01	1.063624e-08	1.860369e-08
1.980000000000001e-01	1.091863e-08	1.910341e-08
1.990000000000001e-01	1.120838e-08	1.961629e-08
2.000000000000001e-01	1.150568e-08	2.014268e-08
2.010000000000002e-01	1.181072e-08	2.068293e-08
2.020000000000002e-01	1.212369e-08	2.123738e-08
2.030000000000002e-01	1.244480e-08	2.180641e-08
2.040000000000002e-01	1.277425e-08	2.239038e-08
2.050000000000002e-01	1.311225e-08	2.298969e-08
2.060000000000002e-01	1.345901e-08	2.360471e-08
2.070000000000002e-01	1.381477e-08	2.423585e-08
2.080000000000002e-01	1.417974e-08	2.488353e-08
2.090000000000002e-01	1.455415e-08	2.554816e-08
2.100000000000002e-01	1.493825e-08	2.623018e-08
2.110000000000002e-01	1.533228e-08	2.693002e-08
2.120000000000002e-01	1.573648e-08	2.764815e-08
2.130000000000002e-01	1.615112e-08	2.838502e-08
2.140000000000002e-01	1.657645e-08	2.914111e-08
2.150000000000002e-01	1.701273e-08	2.991691e-08
2.160000000000002e-01	1.746026e-08	3.071292e-08
2.170000000000002e-01	1.791930e-08	3.152965e-08
2.180000000000002e-01	1.839015e-08	3.236762e-08
2.190000000000002e-01	1.887309e-08	3.322736e-08
2.200000000000002e-01	1.936844e-08	3.410944e-08
2.210000000000002e-01	1.987649e-08	3.501441e-08
2.220000000000002e-01	2.039756e-08	3.594284e-08
2.230000000000002e-01	2.093199e-08	3.689533e-08
2.240000000000002e-01	2.148009e-08	3.787249e-08
2.250000000000002e-01	2.204222e-08	3.887493e-08
2.260000000000002e-01	2.261870e-08	3.990329e-08
2.270000000000002e-01	2.320992e-08	4.095821e-08
2.280000000000002e-01	2.381621e-08	4.204037e-08
2.290000000000002e-01	2.443797e-08	4.315044e-08
2.300000000000002e-01	2.507556e-08	4.428912e-08
2.310000000000002e-01	2.572939e-08	4.545712e-08
2.320000000000002e-01	2.639985e-08	4.665519e-08
2.330000000000002e-01	2.708735e-08	4.788406e-08
2.340000000000002e-01	2.779231e-08	4.914451e-08
2.350000000000002e-01	2.851516e-08	5.043733e-08
2.360000000000002e-01	2.925634e-08	5.176330e-08
2.370000000000002e-01	3.001630e-08	5.312327e-08
2.380000000000002e-01	3.079549e-08	5.451807e-08
2.390000000000002e-01	3.159439e-08	5.594857e-08
2.400000000000002e-01	3.241348e-08	5.741565e-08
2.410000000000002e-01	3.325326e-08	5.892022e-08
2.420000000000002e-01	3.411423e-08	6.046320e-08
2.430000000000002e-01	3.499690e-08	6.204554e-08
2.440000000000002e-01	3.590181e-08	6.366823e-08
2.450000000000002e-01	3.682949e-08	6.533224e-08
2.460000000000002e-01	3.778051e-08	6.703861e-08
2.470000000000002e-01	3.875542e-08	6.878836e-08
2.480000000000002e-01	3.975482e-08	7.058257e-08
2.490000000000002e-01	4.077928e-08	7.242234e-08
2.500000000000002e-01	4.182943e-08	7.430877e-08
2.510000000000002e-01	4.290587e-08	7.624303e-08
2.520000000000002e-01	4.400926e-08	7.822627e-08
2.530000000000002e-01	4.514024e-08	8.025970e-08
2.540000000000002e-01	4.629947e-08	8.234455e-08
2.550000000000002e-01	4.748764e-08	8.448207e-08
2.560000000000002e-01	4.870545e-08	8.667355e-08
2.570000000000002e-01	4.995360e-08	8.892032e-08
2.580000000000002e-01	5.123284e-08	9.122370e-08
2.590000000000002e-01	5.254391e-08	9.358510e-08
2.600000000000002e-01	5.388757e-08	9.600591e-08
2.610000000000002e-01	5.526461e-08	9.848760e-08
2.620000000000002e-01	5.667583e-08	1.010316e-07
2.630000000000002e-01	5.812204e-08	1.036395e-07
2.640000000000002e-01	5.960409e-08	1.063128e-07
2.650000000000002e-01	6.112283e-08	1.090531e-07
2.660000000000002e-01	6.267914e-08	1.118620e-07
2.670000000000002e-01	6.427392e-08	1.147412e-07
2.680000000000002e-01	6.590809e-08	1.176924e-07
2.690000000000002e-01	6.758258e-08	1.207173e-07
2.700000000000002e-01	6.929837e-08	1.238177e-07
2.710000000000002e-01	7.105643e-08	1.269955e-07
2.720000000000002e-01	7.285776e-08	1.302524e-07
2.730000000000002e-01	7.470340e-08	1.335905e-07
2.740000000000002e-01	7.659441e-08	1.370116e-07
2.750000000000002e-01	7.853185e-08	1.405178e-07
2.760000000000002e-01	8.051683e-08	1.441110e-07
2.770000000000002e-01	8.255049e-08	1.477935e-07
2.780000000000002e-01	8.463397e-08	1.515673e-07
2.790000000000002e-01	8.676844e-08	1.554347e-07
2.800000000000002e-01	8.895513e-08	1.593978e-07
2.810000000000002e-01	9.119526e-08	1.634590e-07
2.820000000000002e-01	9.349009e-08	1.676206e-07
2.830000000000002e-01	9.584092e-08	1.718851e-07
2.840000000000002e-01	9.824908e-08	1.762548e-07
2.850000000000002e-01	1.007159e-07	1.807323e-07
2.860000000000002e-01	1.032428e-07	1.853203e-07
2.870000000000002e-01	1.058311e-07	1.900212e-07
2.880000000000002e-01	1.084824e-07	1.948378e-07
2.890000000000002e-01	1.111980e-07	1.997730e-07
2.900000000000002e-01	1.139796e-07	2.048294e-07
2.910000000000002e-01	1.168286e-07	2.100100e-07
2.920000000000002e-01	1.197466e-07	2.153177e-07
2.930000000000002e-01	1.227353e-07	2.207556e-07
2.940000000000002e-01	1.257962e-07	2.263267e-07
2.950000000000002e-01	1.289312e-07	2.320342e-07
2.960000000000002e-01	1.321419e-07	2.378814e-07
2.970000000000002e-01	1.354301e-07	2.438715e-07
2.980000000000002e-01	1.387976e-07	2.500080e-07
2.990000000000002e-01	1.422463e-07	2.562942e-07
3.000000000000002e-01	1.457780e-07	2.627339e-07
3.010000000000002e-01	1.493947e-07	2.693305e-07
3.020000000000002e-01	1.530984e-07	2.760877e-07
3.030000000000002e-01	1.568910e-07	2.830095e-07
3.040000000000002e-01	1.607747e-07	2.900996e-07
3.050000000000002e-01	1.647515e-07	2.973620e-07
3.060000000000002e-01	1.688237e-07	3.048008e-07
3.070000000000002e-01	1.729933e-07	3.124201e-07
3.080000000000002e-01	1.772628e-07	3.202242e-07
3.090000000000002e-01	1.816344e-07	3.282173e-07
3.100000000000002e-01	1.861104e-07	3.364040e-07
3.110000000000002e-01	1.906932e-07	3.447888e-07
3.120000000000002e-01	1.953854e-07	3.533762e-07
3.130000000000002e-01	2.001894e-07	3.621711e-07
3.140000000000002e-01	2.051079e-07	3.711783e-07
3.150000000000002e-01	2.101433e-07	3.804028e-07
3.160000000000002e-01	2.152985e-07	3.898496e-07
3.170000000000002e-01	2.205762e-07	3.995239e-07
3.180000000000002e-01	2.259791e-07	4.094309e-07
3.190000000000002e-01	2.315102e-07	4.195761e-07
3.200000000000002e-01	2.371723e-07	4.299651e-07
3.210000000000002e-01	2.429685e-07	4.406034e-07
3.220000000000002e-01	2.489017e-07	4.514969e-07
3.230000000000002e-01	2.549752e-07	4.626514e-07
3.240000000000002e-01	2.611921e-07	4.740730e-07
3.250000000000002e-01	2.675556e-07	4.857679e-07
3.260000000000002e-01	2.740690e-07	4.977422e-07
3.270000000000002e-01	2.807359e-07	5.100025e-07
3.280000000000002e-01	2.875595e-07	5.225553e-07
3.290000000000002e-01	2.945435e-07	5.354073e-07
3.300000000000002e-01	3.016914e-07	5.485654e-07
3.310000000000002e-01	3.090069e-07	5.620365e-07
3.320000000000002e-01	3.164938e-07	5.758278e-07
3.330000000000002e-01	3.241558e-07	5.899465e-07
3.340000000000002e-01	3.319970e-07	6.044002e-07
3.350000000000002e-01	3.400213e-07	6.191964e-07
3.360000000000002e-01	3.482327e-07	6.343428e-07
3.370000000000002e-01	3.566354e-07	6.498474e-07
3.380000000000002e-01	3.652336e-07	6.657182e-07
3.390000000000002e-01	3.740317e-07	6.819635e-07
3.400000000000002e-01	3.830339e-07	6.985915e-07
3.410000000000002e-01	3.922449e-07	7.156111e-07
3.420000000000002e-01	4.016691e-07	7.330307e-07
3.430000000000002e-01	4.113112e-07	7.508595e-07
3.440000000000003e-01	4.211760e-07	7.691064e-07
3.450000000000003e-01	4.312683e-07	7.877807e-07
3.460000000000003e-01	4.415929e-07	8.068918e-07
3.470000000000003e-01	4.521550e-07	8.264494e-07
3.480000000000003e-01	4.629595e-07	8.464633e-07
3.490000000000003e-01	4.740118e-07	8.669434e-07
3.500000000000003e-01	4.853171e-07	8.878999e-07
3.510000000000003e-01	4.968807e-07	9.093432e-07
3.520000000000003e-01	5.087081e-07	9.312839e-07
3.530000000000003e-01	5.208050e-07	9.537326e-07
3.540000000000003e-01	5.331769e-07	9.767003e-07
3.550000000000003e-01	5.458297e-07	1.000198e-06
3.560000000000003e-01	5.587692e-07	1.024238e-06
3.570000000000003e-01	5.720013e-07	1.048830e-06
3.580000000000003e-01	5.855322e-07	1.073987e-06
3.590000000000003e-01	5.993679e-07	1.099721e-06
3.600000000000003e-01	6.135148e-07	1.126043e-06
3.610000000000003e-01	6.279791e-07	1.152967e-06
3.620000000000003e-01	6.427674e-07	1.180504e-06
3.630000000000003e-01	6.578862e-07	1.208668e-06
3.640000000000003e-01	6.733421e-07	1.237471e-06
3.650000000000003e-01	6.891420e-07	1.266927e-06
3.660000000000003e-01	7.052925e-07	1.297048e-06
3.670000000000003e-01	7.218008e-07	1.327849e-06
3.680000000000003e-01	7.386739e-07	1.359342e-06
3.690000000000003e-01	7.559188e-07	1.391543e-06
3.700000000000003e-01	7.735429e-07	1.424465e-06
3.710000000000003e-01	7.915535e-07	1.458123e-06
3.720000000000003e-01	8.099581e-07	1.492531e-06
3.730000000000003e-01	8.287641e-07	1.527704e-06
3.740000000000003e-01	8.479793e-07	1.563657e-06
3.750000000000003e-01	8.676114e-07	1.600405e-06
3.760000000000003e-01	8.876681e-07	1.637964e-06
3.770000000000003e-01	9.081575e-07	1.676349e-06
3.780000000000003e-01	9.290875e-07	1.715576e-06
3.790000000000003e-01	9.504663e-07	1.755660e-06
3.800000000000003e-01	9.723020e-07	1.796619e-06
3.810000000000003e-01	9.946029e-07	1.838468e-06
3.820000000000003e-01	1.017377e-06	1.881224e-06
3.830000000000003e-01	1.040634e-06	1.924903e-06
3.840000000000003e-01	1.064381e-06	1.969524e-06
3.850000000000003e-01	1.088628e-06	2.015102e-06
3.860000000000003e-01	1.113382e-06	2.061654e-06
3.870000000000003e-01	1.138653e-06	2.109200e-06
3.880000000000003e-01	1.164450e-06	2.157755e-06
3.890000000000003e-01	1.190781e-06	2.207338e-06
3.900000000000003e-01	1.217655e-06	2.257966e-06
3.910000000000003e-01	1.245083e-06	2.309658e-06
3.920000000000003e-01	1.273072e-06	2.362433e-06
3.930000000000003e-01	1.301632e-06	2.416307e-06
3.940000000000003e-01	1.330772e-06	2.471301e-06
3.950000000000003e-01	1.360501e-06	2.527432e-06
3.960000000000003e-01	1.390830e-06	2.584719e-06
3.970000000000003e-01	1.421767e-06	2.643181e-06
3.980000000000003e-01	1.453321e-06	2.702838e-06
3.990000000000003e-01	1.485503e-06	2.763708e-06
4.000000000000003e-01	1.518322e-06	2.825811e-06
4.010000000000003e-01	1.551788e-06	2.889166e-06
4.020000000000003e-01	1.585909e-06	2.953792e-06
4.030000000000003e-01	1.620697e-06	3.019709e-06
4.040000000000003e-01	1.656159e-06	3.086937e-06
4.050000000000003e-01	1.692307e-06	3.155494e-06
4.060000000000003e-01	1.729151e-06	3.225402e-06
4.070000000000003e-01	1.766698e-06	3.296680e-06
4.080000000000003e-01	1.804961e-06	3.369347e-06
4.090000000000003e-01	1.843947e-06	3.443423e-06
4.100000000000003e-01	1.883668e-06	3.518929e-06
4.110000000000003e-01	1.924132e-06	3.595884e-06
4.120000000000003e-01	1.965351e-06	3.674308e-06
4.130000000000003e-01	2.007332e-06	3.754222e-06
4.140000000000003e-01	2.050087e-06	3.835644e-06
4.150000000000003e-01	2.093624e-06	3.918596e-06
4.160000000000003e-01	2.137954e-06	4.003096e-06
4.170000000000003e-01	2.183087e-06	4.089165e-06
4.180000000000003e-01	2.229031e-06	4.176823e-06
4.190000000000003e-01	2.275796e-06	4.266089e-06
4.200000000000003e-01	2.323393e-06	4.356983e-06
4.210000000000003e-01	2.371830e-06	4.449525e-06
4.220000000000003e-01	2.421118e-06	4.543734e-06
4.230000000000003e-01	2.471264e-06	4.639630e-06
4.240000000000003e-01	2.522280e-06	4.737232e-06
4.250000000000003e-01	2.574174e-06	4.836560e-06
4.260000000000003e-01	2.626954e-06	4.937632e-06
4.270000000000003e-01	2.680631e-06	5.040467e-06
4.280000000000003e-01	2.735214e-06	5.145085e-06
4.290000000000003e-01	2.790711e-06	5.251504e-06
4.300000000000003e-01	2.847131e-06	5.359743e-06
4.310000000000003e-01	2.904483e-06	5.469819e-06
4.320000000000003e-01	2.962776e-06	5.581753e-06
4.330000000000003e-01	3.022018e-06	5.695560e-06
4.340000000000003e-01	3.082218e-06	5.811259e-06
4.350000000000003e-01	3.143384e-06	5.928869e-06
4.360000000000003e-01	3.205523e-06	6.048404e-06
4.370000000000003e-01	3.268646e-06	6.169885e-06
4.380000000000003e-01	3.332758e-06	6.293326e-06
4.390000000000003e-01	3.397868e-06	6.418745e-06
4.400000000000003e-01	3.463984e-06	6.546159e-06
4.410000000000003e-01	3.531114e-06	6.675582e-06
4.420000000000003e-01	3.599264e-06	6.807032e-06
4.430000000000003e-01	3.668441e-06	6.940523e-06
4.440000000000003e-01	3.738654e-06	7.076072e-06
4.450000000000003e-01	3.809909e-06	7.213692e-06
4.460000000000003e-01	3.882212e-06	7.353398e-06
4.470000000000003e-01	3.955570e-06	7.495206e-06
4.480000000000003e-01	4.029990e-06	7.639128e-06
4.490000000000003e-01	4.105478e-06	7.785178e-06
4.500000000000003e-01	4.182039e-06	7.933370e-06
4.510000000000003e-01	4.259681e-06	8.083718e-06
4.520000000000003e-01	4.338407e-06	8.236232e-06
4.530000000000003e-01	4.418224e-06	8.390925e-06
4.540000000000003e-01	4.499138e-06	8.547810e-06
4.550000000000003e-01	4.581153e-06	8.706897e-06
4.560000000000003e-01	4.664274e-06	8.868199e-06
4.570000000000004e-01	4.748505e-06	9.031724e-06
4.580000000000004e-01	4.833852e-06	9.197484e-06
4.590000000000004e-01	4.920319e-06	9.365488e-06
4.600000000000004e-01	5.007908e-06	9.535746e-06
4.610000000000004e-01	5.096626e-06	9.708267e-06
4.620000000000004e-01	5.186474e-06	9.883059e-06
4.630000000000004e-01	5.277457e-06	1.006013e-05
4.640000000000004e-01	5.369578e-06	1.023949e-05
4.650000000000004e-01	5.462839e-06	1.042114e-05
4.660000000000004e-01	5.557243e-06	1.060509e-05
4.670000000000004e-01	5.652793e-06	1.079136e-05
4.680000000000004e-01	5.749492e-06	1.097993e-05
4.690000000000004e-01	5.847340e-06	1.117082e-05
4.700000000000004e-01	5.946340e-06	1.136404e-05
4.710000000000004e-01	6.046494e-06	1.155958e-05
4.720000000000004e-01	6.147802e-06	1.175746e-05
4.730000000000004e-01	6.250267e-06	1.195767e-05
4.740000000000004e-01	6.353888e-06	1.216022e-05
4.750000000000004e-01	6.458667e-06	1.236511e-05
4.760000000000004e-01	6.564604e-06	1.257234e-05
4.770000000000004e-01	6.671698e-06	1.278192e-05
4.780000000000004e-01	6.779950e-06	1.299384e-05
4.790000000000004e-01	6.889360e-06	1.320811e-05
4.800000000000004e-01	6.999927e-06	1.342473e-05
4.810000000000004e-01	7.111650e-06	1.364369e-05
4.820000000000004e-01	7.224528e-06	1.386499e-05
4.830000000000004e-01	7.338560e-06	1.408865e-05
4.840000000000004e-01	7.453745e-06	1.431464e-05
4.850000000000004e-01	7.570080e-06	1.454297e-05
4.860000000000004e-01	7.687563e-06	1.477364e-05
4.870000000000004e-01	7.806192e-06	1.500664e-05
4.880000000000004e-01	7.925966e-06	1.524197e-05
4.890000000000004e-01	8.046880e-06	1.547963e-05
4.900000000000004e-01	8.168932e-06	1.571960e-05
4.910000000000004e-01	8.292120e-06	1.596189e-05
4.920000000000004e-01	8.416439e-06	1.620650e-05
4.930000000000004e-01	8.541885e-06	1.645340e-05
4.940000000000004e-01	8.668455e-06	1.670260e-05
4.950000000000004e-01	8.796144e-06	1.695409e-05
4.960000000000004e-01	8.924950e-06	1.720786e-05
4.970000000000004e-01	9.054866e-06	1.746390e-05
4.980000000000004e-01	9.185887e-06	1.772221e-05
4.990000000000004e-01	9.318010e-06	1.798277e-05
5.000000000000003e-01	9.451227e-06	1.824558e-05
5.010000000000003e-01	9.585535e-06	1.851062e-05
5.020000000000003e-01	9.720927e-06	1.877789e-05
5.030000000000003e-01	9.857396e-06	1.904737e-05
5.040000000000003e-01	9.994938e-06	1.931905e-05
5.050000000000003e-01	1.013355e-05	1.959292e-05
5.060000000000003e-01	1.027321e-05	1.986897e-05
5.070000000000003e-01	1.041393e-05	2.014719e-05
5.080000000000003e-01	1.055570e-05	2.042756e-05
5.090000000000003e-01	1.069850e-05	2.071006e-05
5.100000000000003e-01	1.084233e-05	2.099469e-05
5.110000000000003e-01	1.098718e-05	2.128143e-05
5.120000000000003e-01	1.113305e-05	2.157026e-05
5.130000000000003e-01	1.127993e-05	2.186117e-05
5.140000000000003e-01	1.142780e-05	2.215414e-05
5.150000000000003e-01	1.157666e-05	2.244916e-05
5.160000000000003e-01	1.172651e-05	2.274621e-05
5.170000000000003e-01	1.187733e-05	2.304527e-05
5.180000000000003e-01	1.202910e-05	2.334632e-05
5.190000000000003e-01	1.218184e-05	2.364935e-05
5.200000000000004e-01	1.233551e-05	2.395433e-05
5.210000000000004e-01	1.249013e-05	2.426126e-05
5.220000000000004e-01	1.264566e-05	2.457010e-05
5.230000000000004e-01	1.280211e-05	2.488085e-05
5.240000000000004e-01	1.295947e-05	2.519347e-05
5.250000000000004e-01	1.311772e-05	2.550796e-05
5.260000000000004e-01	1.327685e-05	2.582428e-05
5.270000000000004e-01	1.343686e-05	2.614242e-05
5.280000000000004e-01	1.359772e-05	2.646236e-05
5.290000000000004e-01	1.375944e-05	2.678407e-05
5.300000000000004e-01	1.392200e-05	2.710753e-05
5.310000000000004e-01	1.408538e-05	2.743272e-05
5.320000000000004e-01	1.424958e-05	2.775962e-05
5.330000000000004e-01	1.441459e-05	2.808820e-05
5.340000000000004e-01	1.458038e-05	2.841844e-05
5.350000000000004e-01	1.474696e-05	2.875032e-05
5.360000000000004e-01	1.491430e-05	2.908380e-05
5.370000000000004e-01	1.508241e-05	2.941887e-05
5.380000000000004e-01	1.525125e-05	2.975551e-05
5.390000000000004e-01	1.542082e-05	3.009368e-05
5.400000000000004e-01	1.559111e-05	3.043336e-05
5.410000000000004e-01	1.576211e-05	3.077452e-05
5.420000000000004e-01	1.593380e-05	3.111714e-05
5.430000000000004e-01	1.610617e-05	3.146120e-05
5.440000000000004e-01	1.627920e-05	3.180666e-05
5.450000000000004e-01	1.645288e-05	3.215349e-05
5.460000000000004e-01	1.662720e-05	3.250168e-05
5.470000000000004e-01	1.680214e-05	3.285119e-05
5.480000000000004e-01	1.697769e-05	3.320199e-05
5.490000000000004e-01	1.715384e-05	3.355406e-05
5.500000000000004e-01	1.733057e-05	3.390737e-05
5.510000000000004e-01	1.750786e-05	3.426189e-05
5.520000000000004e-01	1.768571e-05	3.461758e-05
5.530000000000004e-01	1.786410e-05	3.497443e-05
5.540000000000004e-01	1.804301e-05	3.533240e-05
5.550000000000004e-01	1.822243e-05	3.569146e-05
5.560000000000004e-01	1.840234e-05	3.605159e-05
5.570000000000004e-01	1.858273e-05	3.641274e-05
5.580000000000004e-01	1.876359e-05	3.677489e-05
5.590000000000004e-01	1.894489e-05	3.713802e-05
5.600000000000004e-01	1.912663e-05	3.750208e-05
5.610000000000004e-01	1.930878e-05	3.786706e-05
5.620000000000004e-01	1.949134e-05	3.823291e-05
5.630000000000004e-01	1.967428e-05	3.859960e-05
5.640000000000004e-01	1.985760e-05	3.896711e-05
5.650000000000004e-01	2.004127e-05	3.933540e-05
5.660000000000004e-01	2.022528e-05	3.970444e-05
5.670000000000004e-01	2.040961e-05	4.007420e-05
5.680000000000004e-01	2.059425e-05	4.044464e-05
5.690000000000004e-01	2.077919e-05	4.081574e-05
5.700000000000004e-01	2.096439e-05	4.118745e-05
5.710000000000004e-01	2.114986e-05	4.155976e-05
5.720000000000004e-01	2.133557e-05	4.193262e-05
5.730000000000004e-01	2.152151e-05	4.230599e-05
5.740000000000004e-01	2.170766e-05	4.267986e-05
5.750000000000004e-01	2.189400e-05	4.305418e-05
5.760000000000004e-01	2.208052e-05	4.342892e-05
5.770000000000004e-01	2.226720e-05	4.380405e-05
5.780000000000004e-01	2.245403e-05	4.417953e-05
5.790000000000004e-01	2.264098e-05	4.455533e-05
5.800000000000004e-01	2.282804e-05	4.493142e-05
5.810000000000004e-01	2.301520e-05	4.530776e-05
5.820000000000004e-01	2.320243e-05	4.568432e-05
5.830000000000004e-01	2.338973e-05	4.606106e-05
5.840000000000004e-01	2.357707e-05	4.643794e-05
5.850000000000004e-01	2.376444e-05	4.681495e-05
5.860000000000004e-01	2.395182e-05	4.719203e-05
5.870000000000004e-01	2.413919e-05	4.756916e-05
5.880000000000004e-01	2.432654e-05	4.794631e-05
5.890000000000004e-01	2.451385e-05	4.832343e-05
5.900000000000004e-01	2.470110e-05	4.870049e-05
5.910000000000004e-01	2.488828e-05	4.907746e-05
5.920000000000004e-01	2.507536e-05	4.945430e-05
5.930000000000004e-01	2.526234e-05	4.983099e-05
5.940000000000004e-01	2.544920e-05	5.020747e-05
5.950000000000004e-01	2.563591e-05	5.058373e-05
5.960000000000004e-01	2.582247e-05	5.095973e-05
5.970000000000004e-01	2.600885e-05	5.133542e-05
5.980000000000004e-01	2.619504e-05	5.171079e-05
5.990000000000004e-01	2.638102e-05	5.208579e-05
6.000000000000004e-01	2.656677e-05	5.246038e-05
6.010000000000004e-01	2.675229e-05	5.283454e-05
6.020000000000004e-01	2.693755e-05	5.320823e-05
6.030000000000004e-01	2.712253e-05	5.358142e-05
6.040000000000004e-01	2.730722e-05	5.395407e-05
6.050000000000004e-01	2.749160e-05	5.432615e-05
6.060000000000004e-01	2.767566e-05	5.469763e-05
6.070000000000004e-01	2.785938e-05	5.506846e-05
6.080000000000004e-01	2.804274e-05	5.543863e-05
6.090000000000004e-01	2.822573e-05	5.580809e-05
6.100000000000004e-01	2.840833e-05	5.617681e-05
6.110000000000004e-01	2.859052e-05	5.654476e-05
6.120000000000004e-01	2.877229e-05	5.691191e-05
6.130000000000004e-01	2.895363e-05	5.727822e-05
6.140000000000004e-01	2.913451e-05	5.764366e-05
6.150000000000004e-01	2.931493e-05	5.800821e-05
6.160000000000004e-01	2.949486e-05	5.837181e-05
6.170000000000004e-01	2.967429e-05	5.873446e-05
6.180000000000004e-01	2.985321e-05	5.909611e-05
6.190000000000004e-01	3.003160e-05	5.945673e-05
6.200000000000004e-01	3.020944e-05	5.981630e-05
6.210000000000004e-01	3.038673e-05	6.017477e-05
6.220000000000004e-01	3.056344e-05	6.053212e-05
6.230000000000004e-01	3.073956e-05	6.088833e-05
6.240000000000004e-01	3.091508e-05	6.124335e-05
6.250000000000004e-01	3.108998e-05	6.159717e-05
6.260000000000004e-01	3.126425e-05	6.194974e-05
6.270000000000004e-01	3.143787e-05	6.230105e-05
6.280000000000004e-01	3.161083e-05	6.265107e-05
6.290000000000004e-01	3.178312e-05	6.299975e-05
6.300000000000004e-01	3.195472e-05	6.334708e-05
6.310000000000004e-01	3.212562e-05	6.369304e-05
6.320000000000005e-01	3.229581e-05	6.403758e-05
6.330000000000005e-01	3.246527e-05	6.438069e-05
6.340000000000005e-01	3.263399e-05	6.472234e-05
6.350000000000005e-01	3.280196e-05	6.506250e-05
6.360000000000005e-01	3.296916e-05	6.540115e-05
6.370000000000005e-01	3.313558e-05	6.573826e-05
6.380000000000005e-01	3.330122e-05	6.607380e-05
6.390000000000005e-01	3.346605e-05	6.640776e-05
6.400000000000005e-01	3.363008e-05	6.674010e-05
6.410000000000005e-01	3.379328e-05	6.707080e-05
6.420000000000005e-01	3.395564e-05	6.739985e-05
6.430000000000005e-01	3.411716e-05	6.772721e-05
6.440000000000005e-01	3.427782e-05	6.805287e-05
6.450000000000005e-01	3.443761e-05	6.837680e-05
6.460000000000005e-01	3.459653e-05	6.869898e-05
6.470000000000005e-01	3.475456e-05	6.901939e-05
6.480000000000005e-01	3.491169e-05	6.933801e-05
6.490000000000005e-01	3.506791e-05	6.965482e-05
6.500000000000005e-01	3.522321e-05	6.996981e-05
6.510000000000005e-01	3.537759e-05	7.028293e-05
6.520000000000005e-01	3.553104e-05	7.059420e-05
6.530000000000005e-01	3.568354e-05	7.090358e-05
6.540000000000005e-01	3.583509e-05	7.121106e-05
6.550000000000005e-01	3.598568e-05	7.151661e-05
6.560000000000005e-01	3.613530e-05	7.182022e-05
6.570000000000005e-01	3.628395e-05	7.212189e-05
6.580000000000005e-01	3.643161e-05	7.242158e-05
6.590000000000005e-01	3.657829e-05	7.271929e-05
6.600000000000005e-01	3.672396e-05	7.301500e-05
6.610000000000005e-01	3.686863e-05	7.330870e-05
6.620000000000005e-01	3.701230e-05	7.360037e-05
6.630000000000005e-01	3.715494e-05	7.389001e-05
6.640000000000005e-01	3.729657e-05	7.417759e-05
6.650000000000005e-01	3.743717e-05	7.446310e-05
6.660000000000005e-01	3.757673e-05	7.474655e-05
6.670000000000005e-01	3.771525e-05	7.502790e-05
6.680000000000005e-01	3.785274e-05	7.530716e-05
6.690000000000005e-01	3.798917e-05	7.558431e-05
6.700000000000005e-01	3.812456e-05	7.585935e-05
6.710000000000005e-01	3.825888e-05	7.613227e-05
6.720000000000005e-01	3.839215e-05	7.640305e-05
6.730000000000005e-01	3.852435e-05	7.667168e-05
6.740000000000005e-01	3.865549e-05	7.693817e-05
6.750000000000005e-01	3.878556e-05	7.720252e-05
6.760000000000005e-01	3.891455e-05	7.746469e-05
6.770000000000005e-01	3.904247e-05	7.772470e-05
6.780000000000005e-01	3.916931e-05	7.798254e-05
6.790000000000005e-01	3.929507e-05	7.823819e-05
6.800000000000005e-01	3.941975e-05	7.849167e-05
6.810000000000005e-01	3.954335e-05	7.874296e-05
6.820000000000005e-01	3.966586e-05	7.899207e-05
6.830000000000005e-01	3.978728e-05	7.923898e-05
6.840000000000005e-01	3.990762e-05	7.948370e-05
6.850000000000005e-01	4.002687e-05	7.972623e-05
6.860000000000005e-01	4.014503e-05	7.996655e-05
6.870000000000005e-01	4.026210e-05	8.020468e-05
6.880000000000005e-01	4.037809e-05	8.044061e-05
6.890000000000005e-01	4.049299e-05	8.067434e-05
6.900000000000005e-01	4.060680e-05	8.090587e-05
6.910000000000005e-01	4.071952e-05	8.113521e-05
6.920000000000005e-01	4.083115e-05	8.136234e-05
6.930000000000005e-01	4.094170e-05	8.158728e-05
6.940000000000005e-01	4.105116e-05	8.181004e-05
6.950000000000005e-01	4.115955e-05	8.203059e-05
6.960000000000005e-01	4.126685e-05	8.224897e-05
6.970000000000005e-01	4.137307e-05	8.246515e-05
6.980000000000005e-01	4.147821e-05	8.267916e-05
6.990000000000005e-01	4.158227e-05	8.289098e-05
7.000000000000005e-01	4.168527e-05	8.310064e-05
7.010000000000005e-01	4.178719e-05	8.330812e-05
7.020000000000005e-01	4.188804e-05	8.351344e-05
7.030000000000005e-01	4.198783e-05	8.371661e-05
7.040000000000005e-01	4.208655e-05	8.391762e-05
7.050000000000005e-01	4.218422e-05	8.411649e-05
7.060000000000005e-01	4.228083e-05	8.431321e-05
7.070000000000005e-01	4.237638e-05	8.450780e-05
7.080000000000005e-01	4.247089e-05	8.470027e-05
7.090000000000005e-01	4.256435e-05	8.489061e-05
7.100000000000005e-01	4.265677e-05	8.507884e-05
7.110000000000005e-01	4.274815e-05	8.526497e-05
7.120000000000005e-01	4.283850e-05	8.544900e-05
7.130000000000005e-01	4.292781e-05	8.563094e-05
7.140000000000005e-01	4.301611e-05	8.581080e-05
7.150000000000005e-01	4.310338e-05	8.598860e-05
7.160000000000005e-01	4.318963e-05	8.616433e-05
7.170000000000005e-01	4.327487e-05	8.633800e-05
7.180000000000005e-01	4.335911e-05	8.650964e-05
7.190000000000005e-01	4.344235e-05	8.667925e-05
7.200000000000005e-01	4.352459e-05	8.684683e-05
7.210000000000005e-01	4.360583e-05	8.701239e-05
7.220000000000005e-01	4.368609e-05	8.717595e-05
7.230000000000005e-01	4.376537e-05	8.733752e-05
7.240000000000005e-01	4.384367e-05	8.749711e-05
7.250000000000005e-01	4.392101e-05	8.765472e-05
7.260000000000005e-01	4.399737e-05	8.781038e-05
7.270000000000005e-01	4.407278e-05	8.796409e-05
7.280000000000005e-01	4.414723e-05	8.811586e-05
7.290000000000005e-01	4.422074e-05	8.826570e-05
7.300000000000005e-01	4.429331e-05	8.841362e-05
7.310000000000005e-01	4.436493e-05	8.855965e-05
7.320000000000005e-01	4.443563e-05	8.870378e-05
7.330000000000005e-01	4.450540e-05	8.884604e-05
7.340000000000005e-01	4.457426e-05	8.898643e-05
7.350000000000005e-01	4.464220e-05	8.912496e-05
7.360000000000005e-01	4.470923e-05	8.926165e-05
7.370000000000005e-01	4.477537e-05	8.939651e-05
7.380000000000005e-01	4.484061e-05	8.952955e-05
7.390000000000005e-01	4.490497e-05	8.966080e-05
7.400000000000005e-01	4.496844e-05	8.979024e-05
7.410000000000005e-01	4.503104e-05	8.991791e-05
7.420000000000005e-01	4.509277e-05	9.004381e-05
7.430000000000005e-01	4.515364e-05	9.016795e-05
7.440000000000005e-01	4.521365e-05	9.029036e-05
7.450000000000006e-01	4.527281e-05	9.041104e-05
7.460000000000006e-01	4.533114e-05	9.053000e-05
7.470000000000006e-01	4.538862e-05	9.064727e-05
7.480000000000006e-01	4.544528e-05	9.076284e-05
7.490000000000006e-01	4.550111e-05	9.087675e-05
7.500000000000006e-01	4.555613e-05	9.098899e-05
7.510000000000006e-01	4.561034e-05	9.109957e-05
7.520000000000006e-01	4.566375e-05	9.120853e-05
7.530000000000006e-01	4.571636e-05	9.131587e-05
7.540000000000006e-01	4.576818e-05	9.142160e-05
7.550000000000006e-01	4.581922e-05	9.152574e-05
7.560000000000006e-01	4.586948e-05	9.162830e-05
7.570000000000006e-01	4.591897e-05	9.172929e-05
7.580000000000006e-01	4.596770e-05	9.182872e-05
7.590000000000006e-01	4.601568e-05	9.192662e-05
7.600000000000006e-01	4.606291e-05	9.202299e-05
7.610000000000006e-01	4.610939e-05	9.211785e-05
7.620000000000006e-01	4.615514e-05	9.221122e-05
7.630000000000006e-01	4.620016e-05	9.230310e-05
7.640000000000006e-01	4.624446e-05	9.239351e-05
7.650000000000006e-01	4.628805e-05	9.248246e-05
7.660000000000006e-01	4.633092e-05	9.256997e-05
7.670000000000006e-01	4.637310e-05	9.265605e-05
7.680000000000006e-01	4.641458e-05	9.274072e-05
7.690000000000006e-01	4.645538e-05	9.282399e-05
7.700000000000006e-01	4.649549e-05	9.290587e-05
7.710000000000006e-01	4.653493e-05	9.298637e-05
7.720000000000006e-01	4.657371e-05	9.306552e-05
7.730000000000006e-01	4.661182e-05	9.314332e-05
7.740000000000006e-01	4.664929e-05	9.321979e-05
7.750000000000006e-01	4.668610e-05	9.329495e-05
7.760000000000006e-01	4.672228e-05	9.336880e-05
7.770000000000006e-01	4.675782e-05	9.344136e-05
7.780000000000006e-01	4.679274e-05	9.351265e-05
7.790000000000006e-01	4.682704e-05	9.358268e-05
7.800000000000006e-01	4.686073e-05	9.365146e-05
7.810000000000006e-01	4.689381e-05	9.371900e-05
7.820000000000006e-01	4.692630e-05	9.378533e-05
7.830000000000006e-01	4.695819e-05	9.385045e-05
7.840000000000006e-01	4.698951e-05	9.391437e-05
7.850000000000006e-01	4.702024e-05	9.397713e-05
7.860000000000006e-01	4.705041e-05	9.403871e-05
7.870000000000006e-01	4.708000e-05	9.409915e-05
7.880000000000006e-01	4.710905e-05	9.415846e-05
7.890000000000006e-01	4.713754e-05	9.421664e-05
7.900000000000006e-01	4.716550e-05	9.427372e-05
7.910000000000006e-01	4.719291e-05	9.432970e-05
7.920000000000006e-01	4.721980e-05	9.438460e-05
7.930000000000006e-01	4.724617e-05	9.443844e-05
7.940000000000006e-01	4.727201e-05	9.449122e-05
7.950000000000006e-01	4.729736e-05	9.454298e-05
7.960000000000006e-01	4.732220e-05	9.459370e-05
7.970000000000006e-01	4.734654e-05	9.464342e-05
7.980000000000006e-01	4.737040e-05	9.469214e-05
7.990000000000006e-01	4.739378e-05	9.473988e-05
8.000000000000006e-01	4.741668e-05	9.478665e-05
8.010000000000006e-01	4.743911e-05	9.483247e-05
8.020000000000006e-01	4.746109e-05	9.487735e-05
8.030000000000006e-01	4.748261e-05	9.492131e-05
8.040000000000006e-01	4.750368e-05	9.496434e-05
8.050000000000006e-01	4.752432e-05	9.500649e-05
8.060000000000006e-01	4.754452e-05	9.504775e-05
8.070000000000006e-01	4.756429e-05	9.508813e-05
8.080000000000006e-01	4.758365e-05	9.512766e-05
8.090000000000006e-01	4.760259e-05	9.516635e-05
8.100000000000006e-01	4.762112e-05	9.520420e-05
8.110000000000006e-01	4.763926e-05	9.524124e-05
8.120000000000006e-01	4.765700e-05	9.527748e-05
8.130000000000006e-01	4.767435e-05	9.531293e-05
8.140000000000006e-01	4.769133e-05	9.534760e-05
8.150000000000006e-01	4.770793e-05	9.538150e-05
8.160000000000006e-01	4.772416e-05	9.541467e-05
8.170000000000006e-01	4.774004e-05	9.544709e-05
8.180000000000006e-01	4.775555e-05	9.547879e-05
8.190000000000006e-01	4.777073e-05	9.550978e-05
8.200000000000006e-01	4.778555e-05	9.554007e-05
8.210000000000006e-01	4.780005e-05	9.556967e-05
8.220000000000006e-01	4.781421e-05	9.559861e-05
8.230000000000006e-01	4.782806e-05	9.562689e-05
8.240000000000006e-01	4.784158e-05	9.565452e-05
8.250000000000006e-01	4.785480e-05	9.568152e-05
8.260000000000006e-01	4.786771e-05	9.570790e-05
8.270000000000006e-01	4.788033e-05	9.573366e-05
8.280000000000006e-01	4.789264e-05	9.575883e-05
8.290000000000006e-01	4.790468e-05	9.578341e-05
8.300000000000006e-01	4.791644e-05	9.580743e-05
8.310000000000006e-01	4.792792e-05	9.583088e-05
8.320000000000006e-01	4.793913e-05	9.585378e-05
8.330000000000006e-01	4.795007e-05	9.587614e-05
8.340000000000006e-01	4.796077e-05	9.589799e-05
8.350000000000006e-01	4.797120e-05	9.591931e-05
8.360000000000006e-01	4.798139e-05	9.594013e-05
8.370000000000006e-01	4.799134e-05	9.596045e-05
8.380000000000006e-01	4.800106e-05	9.598030e-05
8.390000000000006e-01	4.801054e-05	9.599967e-05
8.400000000000006e-01	4.801980e-05	9.601859e-05
8.410000000000006e-01	4.802884e-05	9.603705e-05
8.420000000000006e-01	4.803766e-05	9.605507e-05
8.430000000000006e-01	4.804627e-05	9.607266e-05
8.440000000000006e-01	4.805468e-05	9.608984e-05
8.450000000000006e-01	4.806288e-05	9.610660e-05
8.460000000000006e-01	4.807089e-05	9.612297e-05
8.470000000000006e-01	4.807871e-05	9.613894e-05
8.480000000000006e-01	4.808634e-05	9.615453e-05
8.490000000000006e-01	4.809379e-05	9.616974e-05
8.500000000000006e-01	4.810106e-05	9.618460e-05
8.510000000000006e-01	4.810816e-05	9.619910e-05
8.520000000000006e-01	4.811509e-05	9.621325e-05
8.530000000000006e-01	4.812185e-05	9.622707e-05
8.540000000000006e-01	4.812845e-05	9.624056e-05
8.550000000000006e-01	4.813489e-05	9.625373e-05
8.560000000000006e-01	4.814119e-05	9.626659e-05
8.570000000000007e-01	4.814733e-05	9.627913e-05
8.580000000000007e-01	4.815333e-05	9.629138e-05
8.590000000000007e-01	4.815918e-05	9.630335e-05
8.600000000000007e-01	4.816490e-05	9.631503e-05
8.610000000000007e-01	4.817048e-05	9.632643e-05
8.620000000000007e-01	4.817593e-05	9.633757e-05
8.630000000000007e-01	4.818125e-05	9.634845e-05
8.640000000000007e-01	4.818645e-05	9.635907e-05
8.650000000000007e-01	4.819153e-05	9.636944e-05
8.660000000000007e-01	4.819649e-05	9.637958e-05
8.670000000000007e-01	4.820133e-05	9.638947e-05
8.680000000000007e-01	4.820606e-05	9.639914e-05
8.690000000000007e-01	4.821069e-05	9.640858e-05
8.700000000000007e-01	4.821520e-05	9.641781e-05
8.710000000000007e-01	4.821962e-05	9.642683e-05
8.720000000000007e-01	4.822393e-05	9.643563e-05
8.730000000000007e-01	4.822814e-05	9.644424e-05
8.740000000000007e-01	4.823226e-05	9.645266e-05
8.750000000000007e-01	4.823628e-05	9.646088e-05
8.760000000000007e-01	4.824021e-05	9.646892e-05
8.770000000000007e-01	4.824406e-05	9.647678e-05
8.780000000000007e-01	4.824782e-05	9.648445e-05
8.790000000000007e-01	4.825150e-05	9.649197e-05
8.800000000000007e-01	4.825509e-05	9.649931e-05
8.810000000000007e-01	4.825861e-05	9.650649e-05
8.820000000000007e-01	4.826205e-05	9.651352e-05
8.830000000000007e-01	4.826541e-05	9.652039e-05
8.840000000000007e-01	4.826870e-05	9.652711e-05
8.850000000000007e-01	4.827192e-05	9.653369e-05
8.860000000000007e-01	4.827507e-05	9.654012e-05
8.870000000000007e-01	4.827815e-05	9.654642e-05
8.880000000000007e-01	4.828116e-05	9.655258e-05
8.890000000000007e-01	4.828411e-05	9.655862e-05
8.900000000000007e-01	4.828701e-05	9.656452e-05
8.910000000000007e-01	4.828983e-05	9.657030e-05
8.920000000000007e-01	4.829260e-05	9.657596e-05
8.930000000000007e-01	4.829531e-05	9.658150e-05
8.940000000000007e-01	4.829797e-05	9.658693e-05
8.950000000000007e-01	4.830058e-05	9.659224e-05
8.960000000000007e-01	4.830312e-05	9.659745e-05
8.970000000000007e-01	4.830562e-05	9.660255e-05
8.980000000000007e-01	4.830807e-05	9.660755e-05
8.990000000000007e-01	4.831046e-05	9.661245e-05
9.000000000000007e-01	4.831281e-05	9.661725e-05
9.010000000000007e-01	4.831512e-05	9.662196e-05
9.020000000000007e-01	4.831737e-05	9.662657e-05
9.030000000000007e-01	4.831959e-05	9.663109e-05
9.040000000000007e-01	4.832176e-05	9.663553e-05
9.050000000000007e-01	4.832388e-05	9.663987e-05
9.060000000000007e-01	4.832597e-05	9.664414e-05
9.070000000000007e-01	4.832802e-05	9.664832e-05
9.080000000000007e-01	4.833003e-05	9.665242e-05
9.090000000000007e-01	4.833200e-05	9.665645e-05
9.100000000000007e-01	4.833393e-05	9.666041e-05
9.110000000000007e-01	4.833583e-05	9.666428e-05
9.120000000000007e-01	4.833769e-05	9.666809e-05
9.130000000000007e-01	4.833952e-05	9.667182e-05
9.140000000000007e-01	4.834132e-05	9.667549e-05
9.150000000000007e-01	4.834308e-05	9.667909e-05
9.160000000000007e-01	4.834481e-05	9.668263e-05
9.170000000000007e-01	4.834651e-05	9.668610e-05
9.180000000000007e-01	4.834818e-05	9.668952e-05
9.190000000000007e-01	4.834982e-05	9.669286e-05
9.200000000000007e-01	4.835143e-05	9.669616e-05
9.210000000000007e-01	4.835301e-05	9.669939e-05
9.220000000000007e-01	4.835457e-05	9.670257e-05
9.230000000000007e-01	4.835610e-05	9.670570e-05
9.240000000000007e-01	4.835760e-05	9.670877e-05
9.250000000000007e-01	4.835908e-05	9.671179e-05
9.260000000000007e-01	4.836053e-05	9.671476e-05
9.270000000000007e-01	4.836196e-05	9.671767e-05
9.280000000000007e-01	4.836337e-05	9.672055e-05
9.290000000000007e-01	4.836475e-05	9.672337e-05
9.300000000000007e-01	4.836611e-05	9.672615e-05
9.310000000000007e-01	4.836744e-05	9.672888e-05
9.320000000000007e-01	4.836876e-05	9.673157e-05
9.330000000000007e-01	4.837006e-05	9.673421e-05
9.340000000000007e-01	4.837133e-05	9.673682e-05
9.350000000000007e-01	4.837259e-05	9.673939e-05
9.360000000000007e-01	4.837382e-05	9.674190e-05
9.370000000000007e-01	4.837503e-05	9.674439e-05
9.380000000000007e-01	4.837623e-05	9.674684e-05
9.390000000000007e-01	4.837741e-05	9.674925e-05
9.400000000000007e-01	4.837857e-05	9.675162e-05
9.410000000000007e-01	4.837971e-05	9.675395e-05
9.420000000000007e-01	4.838084e-05	9.675625e-05
9.430000000000007e-01	4.838195e-05	9.675851e-05
9.440000000000007e-01	4.838304e-05	9.676075e-05
9.450000000000007e-01	4.838412e-05	9.676295e-05
9.460000000000007e-01	4.838518e-05	9.676512e-05
9.470000000000007e-01	4.838622e-05	9.676726e-05
9.480000000000007e-01	4.838726e-05	9.676936e-05
9.490000000000007e-01	4.838827e-05	9.677144e-05
9.500000000000007e-01	4.838928e-05	9.677349e-05
9.510000000000007e-01	4.839026e-05	9.677551e-05
9.520000000000007e-01	4.839124e-05	9.677750e-05
9.530000000000007e-01	4.839220e-05	9.677946e-05
9.540000000000007e-01	4.839315e-05	9.678140e-05
9.550000000000007e-01	4.839408e-05	9.678331e-05
9.560000000000007e-01	4.839501e-05	9.678520e-05
9.570000000000007e-01	4.839592e-05	9.678706e-05
9.580000000000007e-01	4.839681e-05	9.678889e-05
9.590000000000007e-01	4.839770e-05	9.679070e-05
9.600000000000007e-01	4.839858e-05	9.679249e-05
9.610000000000007e-01	4.839944e-05	9.679425e-05
9.620000000000007e-01	4.840029e-05	9.679600e-05
9.630000000000007e-01	4.840113e-05	9.679772e-05
9.640000000000007e-01	4.840196e-05	9.679942e-05
9.650000000000007e-01	4.840278e-05	9.680109e-05
9.660000000000007e-01	4.840360e-05	9.680275e-05
9.670000000000007e-01	4.840440e-05	9.680438e-05
9.680000000000007e-01	4.840519e-05	9.680600e-05
9.690000000000007e-01	4.840597e-05	9.680760e-05
9.700000000000008e-01	4.840674e-05	9.680917e-05
9.710000000000008e-01	4.840750e-05	9.681073e-05
9.720000000000008e-01	4.840825e-05	9.681227e-05
9.730000000000008e-01	4.840900e-05	9.681379e-05
9.740000000000008e-01	4.840973e-05	9.681529e-05
9.750000000000008e-01	4.841046e-05	9.681677e-05
9.760000000000008e-01	4.841118e-05	9.681824e-05
9.770000000000008e-01	4.841189e-05	9.681970e-05
9.780000000000008e-01	4.841259e-05	9.682113e-05
9.790000000000008e-01	4.841328e-05	9.682255e-05
9.800000000000008e-01	4.841397e-05	9.682395e-05
9.810000000000008e-01	4.841465e-05	9.682534e-05
9.820000000000008e-01	4.841532e-05	9.682671e-05
9.830000000000008e-01	4.841599e-05	9.682807e-05
9.840000000000008e-01	4.841664e-05	9.682941e-05
9.850000000000008e-01	4.841729e-05	9.683074e-05
9.860000000000008e-01	4.841794e-05	9.683205e-05
9.870000000000008e-01	4.841857e-05	9.683336e-05
9.880000000000008e-01	4.841920e-05	9.683464e-05
9.890000000000008e-01	4.841982e-05	9.683591e-05
9.900000000000008e-01	4.842044e-05	9.683718e-05
9.910000000000008e-01	4.842105e-05	9.683842e-05
9.920000000000008e-01	4.842165e-05	9.683965e-05
9.930000000000008e-01	4.842225e-05	9.684087e-05
9.940000000000008e-01	4.842284e-05	9.684209e-05
9.950000000000008e-01	4.842343e-05	9.684328e-05
9.960000000000008e-01	4.842401e-05	9.684447e-05
9.970000000000008e-01	4.842458e-05	9.684564e-05
9.980000000000008e-01	4.842515e-05	9.684680e-05
9.990000000000008e-01	4.842571e-05	9.684795e-05
1.000000000000001e+00	4.842627e-05	9.684909e-05
1.001000000000001e+00	4.842683e-05	9.685022e-05
1.002000000000000e+00	4.842737e-05	9.685134e-05
1.003000000000000e+00	4.842792e-05	9.685245e-05
1.004000000000000e+00	4.842845e-05	9.685355e-05
1.005000000000000e+00	4.842898e-05	9.685463e-05
1.006000000000000e+00	4.842951e-05	9.685571e-05
1.007000000000000e+00	4.843004e-05	9.685678e-05
1.008000000000000e+00	4.843055e-05	9.685784e-05
1.009000000000000e+00	4.843107e-05	9.685889e-05
1.010000000000000e+00	4.843158e-05	9.685993e-05
1.010999999999999e+00	4.843208e-05	9.686095e-05
1.011999999999999e+00	4.843258e-05	9.686198e-05
1.012999999999999e+00	4.843307e-05	9.686299e-05
1.013999999999999e+00	4.843357e-05	9.686399e-05
1.014999999999999e+00	4.843405e-05	9.686499e-05
1.015999999999999e+00	4.843454e-05	9.686597e-05
1.016999999999999e+00	4.843501e-05	9.686696e-05
1.017999999999999e+00	4.843549e-05	9.686792e-05
1.018999999999999e+00	4.843596e-05	9.686888e-05
1.019999999999998e+00	4.843643e-05	9.686984e-05
1.020999999999998e+00	4.843689e-05	9.687079e-05
1.021999999999998e+00	4.843735e-05	9.687173e-05
1.022999999999998e+00	4.843781e-05	9.687266e-05
1.023999999999998e+00	4.843826e-05	9.687358e-05
1.024999999999998e+00	4.843871e-05	9.687450e-05
1.025999999999998e+00	4.843915e-05	9.687541e-05
1.026999999999998e+00	4.843959e-05	9.687631e-05
1.027999999999998e+00	4.844003e-05	9.687721e-05
1.028999999999997e+00	4.844047e-05	9.687810e-05
1.029999999999997e+00	4.844090e-05	9.687898e-05
1.030999999999997e+00	4.844132e-05	9.687985e-05
1.031999999999997e+00	4.844175e-05	9.688072e-05
1.032999999999997e+00	4.844217e-05	9.688158e-05
1.033999999999997e+00	4.844259e-05	9.688244e-05
1.034999999999997e+00	4.844301e-05	9.688328e-05
1.035999999999997e+00	4.844342e-05	9.688413e-05
1.036999999999997e+00	4.844383e-05	9.688496e-05
1.037999999999996e+00	4.844424e-05	9.688579e-05
1.038999999999996e+00	4.844464e-05	9.688662e-05
1.039999999999996e+00	4.844504e-05	9.688744e-05
1.040999999999996e+00	4.844544e-05	9.688825e-05
1.041999999999996e+00	4.844583e-05	9.688906e-05
1.042999999999996e+00	4.844623e-05	9.688987e-05
1.043999999999996e+00	4.844661e-05	9.689066e-05
1.044999999999996e+00	4.844700e-05	9.689145e-05
1.045999999999996e+00	4.844739e-05	9.689224e-05
1.046999999999995e+00	4.844777e-05	9.689302e-05
1.047999999999995e+00	4.844815e-05	9.689380e-05
1.048999999999995e+00	4.844852e-05	9.689457e-05
1.049999999999995e+00	4.844890e-05	9.689533e-05
1.050999999999995e+00	4.844927e-05	9.689609e-05
1.051999999999995e+00	4.844964e-05	9.689685e-05
1.052999999999995e+00	4.845001e-05	9.689759e-05
1.053999999999995e+00	4.845038e-05	9.689834e-05
1.054999999999995e+00	4.845074e-05	9.689909e-05
1.055999999999994e+00	4.845110e-05	9.689982e-05
1.056999999999994e+00	4.845146e-05	9.690055e-05
1.057999999999994e+00	4.845181e-05	9.690128e-05
1.058999999999994e+00	4.845217e-05	9.690200e-05
1.059999999999994e+00	4.845252e-05	9.690272e-05
1.060999999999994e+00	4.845286e-05	9.690344e-05
1.061999999999994e+00	4.845321e-05	9.690414e-05
1.062999999999994e+00	4.845356e-05	9.690485e-05
1.063999999999994e+00	4.845390e-05	9.690555e-05
1.064999999999994e+00	4.845424e-05	9.690625e-05
1.065999999999993e+00	4.845458e-05	9.690694e-05
1.066999999999993e+00	4.845492e-05	9.690763e-05
1.067999999999993e+00	4.845525e-05	9.690831e-05
1.068999999999993e+00	4.845559e-05	9.690900e-05
1.069999999999993e+00	4.845592e-05	9.690967e-05
1.070999999999993e+00	4.845625e-05	9.691035e-05
1.071999999999993e+00	4.845658e-05	9.691102e-05
1.072999999999993e+00	4.845690e-05	9.691168e-05
1.073999999999993e+00	4.845723e-05	9.691234e-05
1.074999999999992e+00	4.845755e-05	9.691301e-05
1.075999999999992e+00	4.845787e-05	9.691366e-05
1.076999999999992e+00	4.845819e-05	9.691431e-05
1.077999999999992e+00	4.845851e-05	9.691496e-05
1.078999999999992e+00	4.845882e-05	9.691560e-05
1.079999999999992e+00	4.845914e-05	9.691624e-05
1.080999999999992e+00	4.845945e-05	9.691688e-05
1.081999999999992e+00	4.845976e-05	9.691752e-05
1.082999999999992e+00	4.846007e-05	9.691815e-05
1.083999999999991e+00	4.846038e-05	9.691878e-05
1.084999999999991e+00	4.846068e-05	9.691940e-05
1.085999999999991e+00	4.846098e-05	9.692003e-05
1.086999999999991e+00	4.846129e-05	9.692064e-05
1.087999999999991e+00	4.846159e-05	9.692126e-05
1.088999999999991e+00	4.846189e-05	9.692187e-05
1.089999999999991e+00	4.846219e-05	9.692249e-05
1.090999999999991e+00	4.846248e-05	9.692309e-05
1.091999999999991e+00	4.846278e-05	9.692369e-05
1.092999999999990e+00	4.846307e-05	9.692430e-05
1.093999999999990e+00	4.846337e-05	9.692489e-05
1.094999999999990e+00	4.846366e-05	9.692548e-05
1.095999999999990e+00	4.846395e-05	9.692608e-05
1.096999999999990e+00	4.846424e-05	9.692667e-05
1.097999999999990e+00	4.846452e-05	9.692726e-05
1.098999999999990e+00	4.846481e-05	9.692784e-05
1.099999999999990e+00	4.846510e-05	9.692842e-05
1.100999999999990e+00	4.846538e-05	9.692900e-05
1.101999999999989e+00	4.846566e-05	9.692958e-05
1.102999999999989e+00	4.846594e-05	9.693015e-05
1.103999999999989e+00	4.846622e-05	9.693072e-05
1.104999999999989e+00	4.846650e-05	9.693129e-05
1.105999999999989e+00	4.846678e-05	9.693186e-05
1.106999999999989e+00	4.846705e-05	9.693242e-05
1.107999999999989e+00	4.846733e-05	9.693298e-05
1.108999999999989e+00	4.846760e-05	9.693354e-05
1.109999999999989e+00	4.846787e-05	9.693410e-05
1.110999999999988e+00	4.846814e-05	9.693465e-05
1.111999999999988e+00	4.846841e-05	9.693520e-05
1.112999999999988e+00	4.846868e-05	9.693575e-05
1.113999999999988e+00	4.846895e-05	9.693630e-05
1.114999999999988e+00	4.846921e-05	9.693684e-05
1.115999999999988e+00	4.846948e-05	9.693739e-05
1.116999999999988e+00	4.846974e-05	9.693793e-05
1.117999999999988e+00	4.847001e-05	9.693846e-05
1.118999999999988e+00	4.847027e-05	9.693900e-05
1.119999999999987e+00	4.847053e-05	9.693953e-05
1.120999999999987e+00	4.847079e-05	9.694006e-05
1.121999999999987e+00	4.847105e-05	9.694060e-05
1.122999999999987e+00	4.847131e-05	9.694112e-05
1.123999999999987e+00	4.847157e-05	9.694165e-05
1.124999999999987e+00	4.847182e-05	9.694217e-05
1.125999999999987e+00	4.847208e-05	9.694269e-05
1.126999999999987e+00	4.847233e-05	9.694321e-05
1.127999999999987e+00	4.847259e-05	9.694373e-05
1.128999999999986e+00	4.847284e-05	9.694425e-05
1.129999999999986e+00	4.847309e-05	9.694476e-05
1.130999999999986e+00	4.847334e-05	9.694527e-05
1.131999999999986e+00	4.847359e-05	9.694578e-05
1.132999999999986e+00	4.847384e-05	9.694629e-05
1.133999999999986e+00	4.847408e-05	9.694679e-05
1.134999999999986e+00	4.847433e-05	9.694730e-05
1.135999999999986e+00	4.847458e-05	9.694781e-05
1.136999999999986e+00	4.847482e-05	9.694831e-05
1.137999999999985e+00	4.847507e-05	9.694880e-05
1.138999999999985e+00	4.847531e-05	9.694930e-05
1.139999999999985e+00	4.847555e-05	9.694980e-05
1.140999999999985e+00	4.847579e-05	9.695029e-05
1.141999999999985e+00	4.847604e-05	9.695078e-05
1.142999999999985e+00	4.847628e-05	9.695128e-05
1.143999999999985e+00	4.847652e-05	9.695176e-05
1.144999999999985e+00	4.847676e-05	9.695225e-05
1.145999999999985e+00	4.847699e-05	9.695273e-05
1.146999999999984e+00	4.847723e-05	9.695322e-05
1.147999999999984e+00	4.847746e-05	9.695370e-05
1.148999999999984e+00	4.847770e-05	9.695418e-05
1.149999999999984e+00	4.847793e-05	9.695466e-05
1.150999999999984e+00	4.847817e-05	9.695514e-05
1.151999999999984e+00	4.847840e-05	9.695561e-05
1.152999999999984e+00	4.847864e-05	9.695609e-05
1.153999999999984e+00	4.847887e-05	9.695657e-05
1.154999999999984e+00	4.847910e-05	9.695703e-05
1.155999999999983e+00	4.847933e-05	9.695750e-05
1.156999999999983e+00	4.847956e-05	9.695797e-05
1.157999999999983e+00	4.847979e-05	9.695844e-05
1.158999999999983e+00	4.848001e-05	9.695891e-05
1.159999999999983e+00	4.848024e-05	9.695937e-05
1.160999999999983e+00	4.848047e-05	9.695983e-05
1.161999999999983e+00	4.848069e-05	9.696030e-05
1.162999999999983e+00	4.848092e-05	9.696076e-05
1.163999999999983e+00	4.848114e-05	9.696122e-05
1.164999999999982e+00	4.848136e-05	9.696167e-05
1.165999999999982e+00	4.848159e-05	9.696213e-05
1.166999999999982e+00	4.848181e-05	9.696258e-05
1.167999999999982e+00	4.848203e-05	9.696303e-05
1.168999999999982e+00	4.848226e-05	9.696349e-05
1.169999999999982e+00	4.848247e-05	9.696394e-05
1.170999999999982e+00	4.848270e-05	9.696439e-05
1.171999999999982e+00	4.848291e-05	9.696484e-05
1.172999999999982e+00	4.848313e-05	9.696528e-05
1.173999999999982e+00	4.848335e-05	9.696573e-05
1.174999999999981e+00	4.848357e-05	9.696618e-05
1.175999999999981e+00	4.848379e-05	9.696662e-05
1.176999999999981e+00	4.848400e-05	9.696706e-05
1.177999999999981e+00	4.848422e-05	9.696750e-05
1.178999999999981e+00	4.848443e-05	9.696795e-05
1.179999999999981e+00	4.848465e-05	9.696838e-05
1.180999999999981e+00	4.848486e-05	9.696882e-05
1.181999999999981e+00	4.848508e-05	9.696926e-05
1.182999999999981e+00	4.848529e-05	9.696969e-05
1.183999999999980e+00	4.848550e-05	9.697012e-05
1.184999999999980e+00	4.848571e-05	9.697056e-05
1.185999999999980e+00	4.848592e-05	9.697099e-05
1.186999999999980e+00	4.848613e-05	9.697142e-05
1.187999999999980e+00	4.848634e-05	9.697185e-05
1.188999999999980e+00	4.848656e-05	9.697228e-05
1.189999999999980e+00	4.848676e-05	9.697270e-05
1.190999999999980e+00	4.848697e-05	9.697313e-05
1.191999999999980e+00	4.848718e-05	9.697356e-05
1.192999999999979e+00	4.848739e-05	9.697398e-05
1.193999999999979e+00	4.848760e-05	9.697440e-05
1.194999999999979e+00	4.848780e-05	9.697482e-05
1.195999999999979e+00	4.848801e-05	9.697524e-05
1.196999999999979e+00	4.848821e-05	9.697567e-05
1.197999999999979e+00	4.848842e-05	9.697609e-05
1.198999999999979e+00	4.848862e-05	9.697650e-05
1.199999999999979e+00	4.848883e-05	9.697692e-05
1.200999999999979e+00	4.848903e-05	9.697734e-05
1.201999999999978e+00	4.848923e-05	9.697775e-05
1.202999999999978e+00	4.848944e-05	9.697817e-05
1.203999999999978e+00	4.848964e-05	9.697858e-05
1.204999999999978e+00	4.848984e-05	9.697899e-05
1.205999999999978e+00	4.849004e-05	9.697941e-05
1.206999999999978e+00	4.849024e-05	9.697981e-05
1.207999999999978e+00	4.849044e-05	9.698022e-05
1.208999999999978e+00	4.849064e-05	9.698063e-05
1.209999999999978e+00	4.849084e-05	9.698104e-05
1.210999999999977e+00	4.849104e-05	9.698144e-05
1.211999999999977e+00	4.849124e-05	9.698185e-05
1.212999999999977e+00	4.849144e-05	9.698226e-05
1.213999999999977e+00	4.849163e-05	9.698266e-05
1.214999999999977e+00	4.849183e-05	9.698307e-05
1.215999999999977e+00	4.849203e-05	9.698347e-05
1.216999999999977e+00	4.849223e-05	9.698387e-05
1.217999999999977e+00	4.849242e-05	9.698427e-05
1.218999999999977e+00	4.849262e-05	9.698467e-05
1.219999999999976e+00	4.849281e-05	9.698507e-05
1.220999999999976e+00	4.849301e-05	9.698547e-05
1.221999999999976e+00	4.849320e-05	9.698586e-05
1.222999999999976e+00	4.849340e-05	9.698626e-05
1.223999999999976e+00	4.849359e-05	9.698665e-05
1.224999999999976e+00	4.849378e-05	9.698705e-05
1.225999999999976e+00	4.849398e-05	9.698744e-05
1.226999999999976e+00	4.849417e-05	9.698783e-05
1.227999999999976e+00	4.849436e-05	9.698822e-05
1.228999999999975e+00	4.849455e-05	9.698862e-05
1.229999999999975e+00	4.849474e-05	9.698901e-05
1.230999999999975e+00	4.849493e-05	9.698940e-05
1.231999999999975e+00	4.849512e-05	9.698979e-05
1.232999999999975e+00	4.849532e-05	9.699017e-05
1.233999999999975e+00	4.849551e-05	9.699057e-05
1.234999999999975e+00	4.849569e-05	9.699095e-05
1.235999999999975e+00	4.849588e-05	9.699134e-05
1.236999999999975e+00	4.849607e-05	9.699172e-05
1.237999999999974e+00	4.849626e-05	9.699211e-05
1.238999999999974e+00	4.849645e-05	9.699249e-05
1.239999999999974e+00	4.849664e-05	9.699287e-05
1.240999999999974e+00	4.849682e-05	9.699326e-05
1.241999999999974e+00	4.849701e-05	9.699364e-05
1.242999999999974e+00	4.849720e-05	9.699402e-05
1.243999999999974e+00	4.849738e-05	9.699440e-05
1.244999999999974e+00	4.849757e-05	9.699478e-05
1.245999999999974e+00	4.849775e-05	9.699516e-05
1.246999999999973e+00	4.849794e-05	9.699554e-05
1.247999999999973e+00	4.849812e-05	9.699591e-05
1.248999999999973e+00	4.849831e-05	9.699629e-05
1.249999999999973e+00	4.849849e-05	9.699667e-05
1.250999999999973e+00	4.849868e-05	9.699705e-05
1.251999999999973e+00	4.849886e-05	9.699742e-05
1.252999999999973e+00	4.849904e-05	9.699780e-05
1.253999999999973e+00	4.849923e-05	9.699817e-05
1.254999999999973e+00	4.849941e-05	9.699854e-05
1.255999999999972e+00	4.849959e-05	9.699891e-05
1.256999999999972e+00	4.849977e-05	9.699929e-05
1.257999999999972e+00	4.849995e-05	9.699966e-05
1.258999999999972e+00	4.850014e-05	9.700003e-05
1.259999999999972e+00	4.850032e-05	9.700040e-05
1.260999999999972e+00	4.850050e-05	9.700077e-05
1.261999999999972e+00	4.850068e-05	9.700114e-05
1.262999999999972e+00	4.850086e-05	9.700150e-05
1.263999999999972e+00	4.850104e-05	9.700187e-05
1.264999999999971e+00	4.850122e-05	9.700224e-05
1.265999999999971e+00	4.850140e-05	9.700261e-05
1.266999999999971e+00	4.850158e-05	9.700297e-05
1.267999999999971e+00	4.850176e-05	9.700334e-05
1.268999999999971e+00	4.850193e-05	9.700370e-05
1.269999999999971e+00	4.850211e-05	9.700406e-05
1.270999999999971e+00	4.850229e-05	9.700443e-05
1.271999999999971e+00	4.850247e-05	9.700479e-05
1.272999999999971e+00	4.850264e-05	9.700516e-05
1.273999999999970e+00	4.850282e-05	9.700552e-05
1.274999999999970e+00	4.850300e-05	9.700588e-05
1.275999999999970e+00	4.850317e-05	9.700624e-05
1.276999999999970e+00	4.850335e-05	9.700660e-05
1.277999999999970e+00	4.850353e-05	9.700696e-05
1.278999999999970e+00	4.850370e-05	9.700732e-05
1.279999999999970e+00	4.850388e-05	9.700768e-05
1.280999999999970e+00	4.850405e-05	9.700804e-05
1.281999999999970e+00	4.850423e-05	9.700839e-05
1.282999999999969e+00	4.850440e-05	9.700875e-05
1.283999999999969e+00	4.850458e-05	9.700911e-05
1.284999999999969e+00	4.850475e-05	9.700946e-05
1.285999999999969e+00	4.850493e-05	9.700982e-05
1.286999999999969e+00	4.850510e-05	9.701018e-05
1.287999999999969e+00	4.850527e-05	9.701052e-05
1.288999999999969e+00	4.850545e-05	9.701088e-05
1.289999999999969e+00	4.850562e-05	9.701124e-05
1.290999999999969e+00	4.850579e-05	9.701159e-05
1.291999999999969e+00	4.850596e-05	9.701194e-05
1.292999999999968e+00	4.850614e-05	9.701229e-05
1.293999999999968e+00	4.850631e-05	9.701264e-05
1.294999999999968e+00	4.850648e-05	9.701299e-05
1.295999999999968e+00	4.850665e-05	9.701335e-05
1.296999999999968e+00	4.850682e-05	9.701370e-05
1.297999999999968e+00	4.850699e-05	9.701405e-05
1.298999999999968e+00	4.850717e-05	9.701440e-05
1.299999999999968e+00	4.850734e-05	9.701474e-05
1.300999999999968e+00	4.850751e-05	9.701509e-05
1.301999999999967e+00	4.850767e-05	9.701544e-05
1.302999999999967e+00	4.850785e-05	9.701579e-05
1.303999999999967e+00	4.850802e-05	9.701613e-05
1.304999999999967e+00	4.850818e-05	9.701648e-05
1.305999999999967e+00	4.850835e-05	9.701683e-05
1.306999999999967e+00	4.850852e-05	9.701717e-05
1.307999999999967e+00	4.850869e-05	9.701752e-05
1.308999999999967e+00	4.850886e-05	9.701786e-05
1.309999999999967e+00	4.850903e-05	9.701820e-05
1.310999999999966e+00	4.850920e-05	9.701854e-05
1.311999999999966e+00	4.850937e-05	9.701889e-05
1.312999999999966e+00	4.850953e-05	9.701923e-05
1.313999999999966e+00	4.850970e-05	9.701958e-05
1.314999999999966e+00	4.850987e-05	9.701992e-05
1.315999999999966e+00	4.851004e-05	9.702026e-05
1.316999999999966e+00	4.851020e-05	9.702060e-05
1.317999999999966e+00	4.851037e-05	9.702094e-05
1.318999999999966e+00	4.851053e-05	9.702128e-05
1.319999999999965e+00	4.851070e-05	9.702162e-05
1.320999999999965e+00	4.851087e-05	9.702196e-05
1.321999999999965e+00	4.851103e-05	9.702230e-05
1.322999999999965e+00	4.851120e-05	9.702264e-05
1.323999999999965e+00	4.851136e-05	9.702297e-05
1.324999999999965e+00	4.851153e-05	9.702331e-05
1.325999999999965e+00	4.851169e-05	9.702365e-05
1.326999999999965e+00	4.851186e-05	9.702399e-05
1.327999999999965e+00	4.851203e-05	9.702432e-05
1.328999999999964e+00	4.851219e-05	9.702466e-05
1.329999999999964e+00	4.851235e-05	9.702500e-05
1.330999999999964e+00	4.851252e-05	9.702533e-05
1.331999999999964e+00	4.851268e-05	9.702567e-05
1.332999999999964e+00	4.851284e-05	9.702600e-05
1.333999999999964e+00	4.851301e-05	9.702634e-05
1.334999999999964e+00	4.851317e-05	9.702667e-05
1.335999999999964e+00	4.851334e-05	9.702700e-05
1.336999999999964e+00	4.851350e-05	9.702733e-05
1.337999999999963e+00	4.851366e-05	9.702767e-05
1.338999999999963e+00	4.851382e-05	9.702800e-05
1.339999999999963e+00	4.851399e-05	9.702834e-05
1.340999999999963e+00	4.851415e-05	9.702866e-05
1.341999999999963e+00	4.851431e-05	9.702900e-05
1.342999999999963e+00	4.851447e-05	9.702933e-05
1.343999999999963e+00	4.851463e-05	9.702966e-05
1.344999999999963e+00	4.851480e-05	9.702999e-05
1.345999999999963e+00	4.851496e-05	9.703032e-05
1.346999999999962e+00	4.851512e-05	9.703065e-05
1.347999999999962e+00	4.851528e-05	9.703098e-05
1.348999999999962e+00	4.851544e-05	9.703130e-05
1.349999999999962e+00	4.851560e-05	9.703163e-05
1.350999999999962e+00	4.851576e-05	9.703196e-05
1.351999999999962e+00	4.851592e-05	9.703229e-05
1.352999999999962e+00	4.851608e-05	9.703261e-05
1.353999999999962e+00	4.851624e-05	9.703294e-05
1.354999999999962e+00	4.851640e-05	9.703327e-05
1.355999999999961e+00	4.851656e-05	9.703360e-05
1.356999999999961e+00	4.851672e-05	9.703392e-05
1.357999999999961e+00	4.851688e-05	9.703425e-05
1.358999999999961e+00	4.851704e-05	9.703458e-05
1.359999999999961e+00	4.851720e-05	9.703490e-05
1.360999999999961e+00	4.851736e-05	9.703523e-05
1.361999999999961e+00	4.851752e-05	9.703555e-05
1.362999999999961e+00	4.851768e-05	9.703587e-05
1.363999999999961e+00	4.851784e-05	9.703620e-05
1.364999999999960e+00	4.851800e-05	9.703652e-05
1.365999999999960e+00	4.851815e-05	9.703685e-05
1.366999999999960e+00	4.851831e-05	9.703717e-05
1.367999999999960e+00	4.851847e-05	9.703749e-05
1.368999999999960e+00	4.851862e-05	9.703782e-05
1.369999999999960e+00	4.851878e-05	9.703814e-05
1.370999999999960e+00	4.851894e-05	9.703846e-05
1.371999999999960e+00	4.851910e-05	9.703878e-05
1.372999999999960e+00	4.851926e-05	9.703910e-05
1.373999999999959e+00	4.851941e-05	9.703942e-05
1.374999999999959e+00	4.851957e-05	9.703975e-05
1.375999999999959e+00	4.851973e-05	9.704007e-05
1.376999999999959e+00	4.851988e-05	9.704039e-05
1.377999999999959e+00	4.852004e-05	9.704071e-05
1.378999999999959e+00	4.852020e-05	9.704103e-05
1.379999999999959e+00	4.852035e-05	9.704135e-05
1.380999999999959e+00	4.852051e-05	9.704166e-05
1.381999999999959e+00	4.852067e-05	9.704198e-05
1.382999999999958e+00	4.852082e-05	9.704230e-05
1.383999999999958e+00	4.852097e-05	9.704262e-05
1.384999999999958e+00	4.852113e-05	9.704293e-05
1.385999999999958e+00	4.852129e-05	9.704325e-05
1.386999999999958e+00	4.852144e-05	9.704357e-05
1.387999999999958e+00	4.852160e-05	9.704389e-05
1.388999999999958e+00	4.852175e-05	9.704421e-05
1.389999999999958e+00	4.852191e-05	9.704452e-05
1.390999999999958e+00	4.852206e-05	9.704484e-05
1.391999999999957e+00	4.852222e-05	9.704515e-05
1.392999999999957e+00	4.852237e-05	9.704546e-05
1.393999999999957e+00	4.852252e-05	9.704578e-05
1.394999999999957e+00	4.852268e-05	9.704610e-05
1.395999999999957e+00	4.852283e-05	9.704641e-05
1.396999999999957e+00	4.852299e-05	9.704672e-05
1.397999999999957e+00	4.852314e-05	9.704704e-05
1.398999999999957e+00	4.852330e-05	9.704736e-05
1.399999999999957e+00	4.852345e-05	9.704767e-05
1.400999999999957e+00	4.852360e-05	9.704798e-05
1.401999999999956e+00	4.852375e-05	9.704829e-05
1.402999999999956e+00	4.852391e-05	9.704861e-05
1.403999999999956e+00	4.852406e-05	9.704892e-05
1.404999999999956e+00	4.852421e-05	9.704923e-05
1.405999999999956e+00	4.852437e-05	9.704955e-05
1.406999999999956e+00	4.852452e-05	9.704986e-05
1.407999999999956e+00	4.852467e-05	9.705017e-05
1.408999999999956e+00	4.852482e-05	9.705048e-05
1.409999999999956e+00	4.852498e-05	9.705079e-05
1.410999999999955e+00	4.852513e-05	9.705110e-05
1.411999999999955e+00	4.852528e-05	9.705142e-05
1.412999999999955e+00	4.852543e-05	9.705172e-05
1.413999999999955e+00	4.852558e-05	9.705203e-05
1.414999999999955e+00	4.852574e-05	9.705235e-05
1.415999999999955e+00	4.852589e-05	9.705265e-05
1.416999999999955e+00	4.852604e-05	9.705297e-05
1.417999999999955e+00	4.852619e-05	9.705327e-05
1.418999999999955e+00	4.852634e-05	9.705358e-05
1.419999999999954e+00	4.852649e-05	9.705389e-05
1.420999999999954e+00	4.852664e-05	9.705420e-05
1.421999999999954e+00	4.852680e-05	9.705451e-05
1.422999999999954e+00	4.852694e-05	9.705481e-05
1.423999999999954e+00	4.852710e-05	9.705513e-05
1.424999999999954e+00	4.852725e-05	9.705543e-05
1.425999999999954e+00	4.852740e-05	9.705574e-05
1.426999999999954e+00	4.852755e-05	9.705605e-05
1.427999999999954e+00	4.852770e-05	9.705636e-05
1.428999999999953e+00	4.852785e-05	9.705666e-05
1.429999999999953e+00	4.852800e-05	9.705697e-05
1.430999999999953e+00	4.852815e-05	9.705727e-05
1.431999999999953e+00	4.852830e-05	9.705758e-05
1.432999999999953e+00	4.852845e-05	9.705788e-05
1.433999999999953e+00	4.852860e-05	9.705819e-05
1.434999999999953e+00	4.852875e-05	9.705850e-05
1.435999999999953e+00	4.852890e-05	9.705880e-05
1.436999999999953e+00	4.852905e-05	9.705911e-05
1.437999999999952e+00	4.852920e-05	9.705941e-05
1.438999999999952e+00	4.852935e-05	9.705972e-05
1.439999999999952e+00	4.852949e-05	9.706002e-05
1.440999999999952e+00	4.852964e-05	9.706033e-05
1.441999999999952e+00	4.852979e-05	9.706063e-05
1.442999999999952e+00	4.852994e-05	9.706093e-05
1.443999999999952e+00	4.853009e-05	9.706124e-05
1.444999999999952e+00	4.853024e-05	9.706154e-05
1.445999999999952e+00	4.853039e-05	9.706184e-05
1.446999999999951e+00	4.853054e-05	9.706215e-05
1.447999999999951e+00	4.853068e-05	9.706245e-05
1.448999999999951e+00	4.853083e-05	9.706275e-05
1.449999999999951e+00	4.853098e-05	9.706306e-05
1.450999999999951e+00	4.853112e-05	9.706336e-05
1.451999999999951e+00	4.853127e-05	9.706366e-05
1.452999999999951e+00	4.853142e-05	9.706397e-05
1.453999999999951e+00	4.853157e-05	9.706426e-05
1.454999999999951e+00	4.853172e-05	9.706456e-05
1.455999999999950e+00	4.853186e-05	9.706487e-05
1.456999999999950e+00	4.853201e-05	9.706517e-05
1.457999999999950e+00	4.853216e-05	9.706547e-05
1.458999999999950e+00	4.853231e-05	9.706577e-05
1.459999999999950e+00	4.853245e-05	9.706607e-05
1.460999999999950e+00	4.853260e-05	9.706637e-05
1.461999999999950e+00	4.853275e-05	9.706667e-05
1.462999999999950e+00	4.853289e-05	9.706697e-05
1.463999999999950e+00	4.853304e-05	9.706727e-05
1.464999999999949e+00	4.853319e-05	9.706757e-05
1.465999999999949e+00	4.853333e-05	9.706787e-05
1.466999999999949e+00	4.853348e-05	9.706817e-05
1.467999999999949e+00	4.853363e-05	9.706847e-05
1.468999999999949e+00	4.853377e-05	9.706877e-05
1.469999999999949e+00	4.853392e-05	9.706907e-05
1.470999999999949e+00	4.853406e-05	9.706937e-05
1.471999999999949e+00	4.853421e-05	9.706966e-05
1.472999999999949e+00	4.853436e-05	9.706996e-05
1.473999999999948e+00	4.853450e-05	9.707026e-05
1.474999999999948e+00	4.853465e-05	9.707056e-05
1.475999999999948e+00	4.853480e-05	9.707086e-05
1.476999999999948e+00	4.853494e-05	9.707116e-05
1.477999999999948e+00	4.853509e-05	9.707145e-05
1.478999999999948e+00	4.853523e-05	9.707174e-05
1.479999999999948e+00	4.853537e-05	9.707204e-05
1.480999999999948e+00	4.853552e-05	9.707234e-05
1.481999999999948e+00	4.853566e-05	9.707264e-05
1.482999999999947e+00	4.853581e-05	9.707293e-05
1.483999999999947e+00	4.853596e-05	9.707323e-05
1.484999999999947e+00	4.853610e-05	9.707353e-05
1.485999999999947e+00	4.853625e-05	9.707382e-05
1.486999999999947e+00	4.853639e-05	9.707412e-05
1.487999999999947e+00	4.853653e-05	9.707441e-05
1.488999999999947e+00	4.853668e-05	9.707471e-05
1.489999999999947e+00	4.853683e-05	9.707500e-05
1.490999999999947e+00	4.853697e-05	9.707530e-05
1.491999999999946e+00	4.853711e-05	9.707559e-05
1.492999999999946e+00	4.853726e-05	9.707589e-05
1.493999999999946e+00	4.853740e-05	9.707618e-05
1.494999999999946e+00	4.853755e-05	9.707647e-05
1.495999999999946e+00	4.853769e-05	9.707677e-05
1.496999999999946e+00	4.853783e-05	9.707706e-05
1.497999999999946e+00	4.853798e-05	9.707736e-05
1.498999999999946e+00	4.853812e-05	9.707765e-05
1.499999999999946e+00	4.853827e-05	9.707795e-05
1.500999999999945e+00	4.853841e-05	9.707824e-05
1.501999999999945e+00	4.853855e-05	9.707853e-05
1.502999999999945e+00	4.853870e-05	9.707882e-05
1.503999999999945e+00	4.853884e-05	9.707912e-05
1.504999999999945e+00	4.853898e-05	9.707941e-05
1.505999999999945e+00	4.853912e-05	9.707970e-05
1.506999999999945e+00	4.853927e-05	9.708000e-05
1.507999999999945e+00	4.853941e-05	9.708029e-05
1.508999999999945e+00	4.853955e-05	9.708058e-05
1.509999999999944e+00	4.853970e-05	9.708088e-05
1.510999999999944e+00	4.853984e-05	9.708117e-05
1.511999999999944e+00	4.853998e-05	9.708146e-05
1.512999999999944e+00	4.854013e-05	9.708175e-05
1.513999999999944e+00	4.854027e-05	9.708204e-05
1.514999999999944e+00	4.854041e-05	9.708233e-05
1.515999999999944e+00	4.854055e-05	9.708262e-05
1.516999999999944e+00	4.854070e-05	9.708291e-05
1.517999999999944e+00	4.854084e-05	9.708320e-05
1.518999999999944e+00	4.854098e-05	9.708350e-05
1.519999999999943e+00	4.854112e-05	9.708379e-05
1.520999999999943e+00	4.854126e-05	9.708408e-05
1.521999999999943e+00	4.854141e-05	9.708437e-05
1.522999999999943e+00	4.854155e-05	9.708466e-05
1.523999999999943e+00	4.854169e-05	9.708495e-05
1.524999999999943e+00	4.854183e-05	9.708524e-05
1.525999999999943e+00	4.854198e-05	9.708553e-05
1.526999999999943e+00	4.854212e-05	9.708582e-05
1.527999999999943e+00	4.854226e-05	9.708611e-05
1.528999999999942e+00	4.854240e-05	9.708640e-05
1.529999999999942e+00	4.854254e-05	9.708669e-05
1.530999999999942e+00	4.854268e-05	9.708698e-05
1.531999999999942e+00	4.854282e-05	9.708726e-05
1.532999999999942e+00	4.854297e-05	9.708756e-05
1.533999999999942e+00	4.854311e-05	9.708785e-05
1.534999999999942e+00	4.854325e-05	9.708813e-05
1.535999999999942e+00	4.854339e-05	9.708842e-05
1.536999999999942e+00	4.854353e-05	9.708871e-05
1.537999999999941e+00	4.854367e-05	9.708900e-05
1.538999999999941e+00	4.854381e-05	9.708929e-05
1.539999999999941e+00	4.854395e-05	9.708957e-05
1.540999999999941e+00	4.854409e-05	9.708986e-05
1.541999999999941e+00	4.854424e-05	9.709015e-05
1.542999999999941e+00	4.854438e-05	9.709044e-05
1.543999999999941e+00	4.854452e-05	9.709073e-05
1.544999999999941e+00	4.854466e-05	9.709101e-05
1.545999999999941e+00	4.854480e-05	9.709130e-05
1.546999999999940e+00	4.854494e-05	9.709159e-05
1.547999999999940e+00	4.854508e-05	9.709187e-05
1.548999999999940e+00	4.854522e-05	9.709216e-05
1.549999999999940e+00	4.854536e-05	9.709244e-05
1.550999999999940e+00	4.854550e-05	9.709274e-05
1.551999999999940e+00	4.854564e-05	9.709302e-05
1.552999999999940e+00	4.854578e-05	9.709330e-05
1.553999999999940e+00	4.854592e-05	9.709359e-05
1.554999999999940e+00	4.854606e-05	9.709388e-05
1.555999999999939e+00	4.854620e-05	9.709416e-05
1.556999999999939e+00	4.854634e-05	9.709445e-05
1.557999999999939e+00	4.854648e-05	9.709474e-05
1.558999999999939e+00	4.854662e-05	9.709502e-05
1.559999999999939e+00	4.854676e-05	9.709530e-05
1.560999999999939e+00	4.854690e-05	9.709559e-05
1.561999999999939e+00	4.854704e-05	9.709588e-05
1.562999999999939e+00	4.854718e-05	9.709616e-05
1.563999999999939e+00	4.854732e-05	9.709645e-05
1.564999999999938e+00	4.854746e-05	9.709673e-05
1.565999999999938e+00	4.854760e-05	9.709701e-05
1.566999999999938e+00	4.854774e-05	9.709730e-05
1.567999999999938e+00	4.854787e-05	9.709759e-05
1.568999999999938e+00	4.854801e-05	9.709787e-05
1.569999999999938e+00	4.854815e-05	9.709816e-05
1.570999999999938e+00	4.854829e-05	9.709844e-05
1.571999999999938e+00	4.854843e-05	9.709872e-05
1.572999999999938e+00	4.854857e-05	9.709901e-05
1.573999999999937e+00	4.854871e-05	9.709929e-05
1.574999999999937e+00	4.854885e-05	9.709958e-05
1.575999999999937e+00	4.854899e-05	9.709986e-05
1.576999999999937e+00	4.854913e-05	9.710014e-05
1.577999999999937e+00	4.854926e-05	9.710043e-05
1.578999999999937e+00	4.854940e-05	9.710071e-05
1.579999999999937e+00	4.854954e-05	9.710099e-05
1.580999999999937e+00	4.854968e-05	9.710127e-05
1.581999999999937e+00	4.854982e-05	9.710155e-05
1.582999999999936e+00	4.854995e-05	9.710184e-05
1.583999999999936e+00	4.855009e-05	9.710212e-05
1.584999999999936e+00	4.855023e-05	9.710241e-05
1.585999999999936e+00	4.855037e-05	9.710269e-05
1.586999999999936e+00	4.855051e-05	9.710297e-05
1.587999999999936e+00	4.855065e-05	9.710325e-05
1.588999999999936e+00	4.855078e-05	9.710353e-05
1.589999999999936e+00	4.855092e-05	9.710382e-05
1.590999999999936e+00	4.855106e-05	9.710410e-05
1.591999999999935e+00	4.855120e-05	9.710438e-05
1.592999999999935e+00	4.855134e-05	9.710466e-05
1.593999999999935e+00	4.855148e-05	9.710494e-05
1.594999999999935e+00	4.855161e-05	9.710522e-05
1.595999999999935e+00	4.855175e-05	9.710551e-05
1.596999999999935e+00	4.855189e-05	9.710579e-05
1.597999999999935e+00	4.855202e-05	9.710607e-05
1.598999999999935e+00	4.855216e-05	9.710635e-05
1.599999999999935e+00	4.855230e-05	9.710663e-05
1.600999999999934e+00	4.855244e-05	9.710691e-05
1.601999999999934e+00	4.855257e-05	9.710719e-05
1.602999999999934e+00	4.855271e-05	9.710747e-05
1.603999999999934e+00	4.855285e-05	9.710775e-05
1.604999999999934e+00	4.855299e-05	9.710804e-05
1.605999999999934e+00	4.855312e-05	9.710831e-05
1.606999999999934e+00	4.855326e-05	9.710860e-05
1.607999999999934e+00	4.855340e-05	9.710887e-05
1.608999999999934e+00	4.855353e-05	9.710916e-05
1.609999999999933e+00	4.855367e-05	9.710943e-05
1.610999999999933e+00	4.855381e-05	9.710972e-05
1.611999999999933e+00	4.855395e-05	9.710999e-05
1.612999999999933e+00	4.855408e-05	9.711027e-05
1.613999999999933e+00	4.855422e-05	9.711055e-05
1.614999999999933e+00	4.855436e-05	9.711083e-05
1.615999999999933e+00	4.855450e-05	9.711111e-05
1.616999999999933e+00	4.855463e-05	9.711139e-05
1.617999999999933e+00	4.855477e-05	9.711167e-05
1.618999999999932e+00	4.855490e-05	9.711195e-05
1.619999999999932e+00	4.855504e-05	9.711223e-05
1.620999999999932e+00	4.855518e-05	9.711250e-05
1.621999999999932e+00	4.855531e-05	9.711279e-05
1.622999999999932e+00	4.855545e-05	9.711306e-05
1.623999999999932e+00	4.855559e-05	9.711334e-05
1.624999999999932e+00	4.855572e-05	9.711363e-05
1.625999999999932e+00	4.855586e-05	9.711390e-05
1.626999999999932e+00	4.855599e-05	9.711418e-05
1.627999999999932e+00	4.855613e-05	9.711445e-05
1.628999999999931e+00	4.855627e-05	9.711474e-05
1.629999999999931e+00	4.855640e-05	9.711501e-05
1.630999999999931e+00	4.855654e-05	9.711529e-05
1.631999999999931e+00	4.855667e-05	9.711557e-05
1.632999999999931e+00	4.855681e-05	9.711585e-05
1.633999999999931e+00	4.855695e-05	9.711613e-05
1.634999999999931e+00	4.855708e-05	9.711640e-05
1.635999999999931e+00	4.855722e-05	9.711668e-05
1.636999999999931e+00	4.855735e-05	9.711696e-05
1.637999999999930e+00	4.855749e-05	9.711723e-05
1.638999999999930e+00	4.855763e-05	9.711751e-05
1.639999999999930e+00	4.855776e-05	9.711779e-05
1.640999999999930e+00	4.855790e-05	9.711807e-05
1.641999999999930e+00	4.855803e-05	9.711835e-05
1.642999999999930e+00	4.855817e-05	9.711862e-05
1.643999999999930e+00	4.855830e-05	9.711890e-05
1.644999999999930e+00	4.855844e-05	9.711918e-05
1.645999999999930e+00	4.855857e-05	9.711945e-05
1.646999999999929e+00	4.855871e-05	9.711973e-05
1.647999999999929e+00	4.855885e-05	9.712001e-05
1.648999999999929e+00	4.855898e-05	9.712028e-05
1.649999999999929e+00	4.855912e-05	9.712056e-05
1.650999999999929e+00	4.855925e-05	9.712084e-05
1.651999999999929e+00	4.855938e-05	9.712111e-05
1.652999999999929e+00	4.855952e-05	9.712139e-05
1.653999999999929e+00	4.855966e-05	9.712167e-05
1.654999999999929e+00	4.855979e-05	9.712194e-05
1.655999999999928e+00	4.855993e-05	9.712221e-05
1.656999999999928e+00	4.856006e-05	9.712249e-05
1.657999999999928e+00	4.856020e-05	9.712276e-05
1.658999999999928e+00	4.856033e-05	9.712304e-05
1.659999999999928e+00	4.856047e-05	9.712332e-05
1.660999999999928e+00	4.856060e-05	9.712359e-05
1.661999999999928e+00	4.856073e-05	9.712387e-05
1.662999999999928e+00	4.856087e-05	9.712415e-05
1.663999999999928e+00	4.856100e-05	9.712442e-05
1.664999999999927e+00	4.856114e-05	9.712469e-05
1.665999999999927e+00	4.856127e-05	9.712497e-05
1.666999999999927e+00	4.856141e-05	9.712524e-05
1.667999999999927e+00	4.856154e-05	9.712552e-05
1.668999999999927e+00	4.856168e-05	9.712579e-05
1.669999999999927e+00	4.856181e-05	9.712607e-05
1.670999999999927e+00	4.856195e-05	9.712634e-05
1.671999999999927e+00	4.856208e-05	9.712662e-05
1.672999999999927e+00	4.856221e-05	9.712689e-05
1.673999999999926e+00	4.856235e-05	9.712717e-05
1.674999999999926e+00	4.856248e-05	9.712744e-05
1.675999999999926e+00	4.856262e-05	9.712771e-05
1.676999999999926e+00	4.856275e-05	9.712799e-05
1.677999999999926e+00	4.856288e-05	9.712826e-05
1.678999999999926e+00	4.856302e-05	9.712853e-05
1.679999999999926e+00	4.856315e-05	9.712881e-05
1.680999999999926e+00	4.856329e-05	9.712909e-05
1.681999999999926e+00	4.856342e-05	9.712936e-05
1.682999999999925e+00	4.856356e-05	9.712963e-05
1.683999999999925e+00	4.856369e-05	9.712991e-05
1.684999999999925e+00	4.856382e-05	9.713018e-05
1.685999999999925e+00	4.856396e-05	9.713045e-05
1.686999999999925e+00	4.856409e-05	9.713072e-05
1.687999999999925e+00	4.856423e-05	9.713100e-05
1.688999999999925e+00	4.856436e-05	9.713127e-05
1.689999999999925e+00	4.856449e-05	9.713155e-05
1.690999999999925e+00	4.856463e-05	9.713182e-05
1.691999999999924e+00	4.856476e-05	9.713209e-05
1.692999999999924e+00	4.856489e-05	9.713237e-05
1.693999999999924e+00	4.856503e-05	9.713264e-05
1.694999999999924e+00	4.856516e-05	9.713291e-05
1.695999999999924e+00	4.856529e-05	9.713318e-05
1.696999999999924e+00	4.856543e-05	9.713346e-05
1.697999999999924e+00	4.856556e-05	9.713373e-05
1.698999999999924e+00	4.856569e-05	9.713401e-05
1.699999999999924e+00	4.856583e-05	9.713427e-05
1.700999999999923e+00	4.856596e-05	9.713454e-05
1.701999999999923e+00	4.856609e-05	9.713482e-05
1.702999999999923e+00	4.856623e-05	9.713509e-05
1.703999999999923e+00	4.856636e-05	9.713537e-05
1.704999999999923e+00	4.856649e-05	9.713563e-05
1.705999999999923e+00	4.856663e-05	9.713591e-05
1.706999999999923e+00	4.856676e-05	9.713618e-05
1.707999999999923e+00	4.856689e-05	9.713645e-05
1.708999999999923e+00	4.856702e-05	9.713673e-05
1.709999999999922e+00	4.856716e-05	9.713700e-05
1.710999999999922e+00	4.856729e-05	9.713726e-05
1.711999999999922e+00	4.856742e-05	9.713754e-05
1.712999999999922e+00	4.856756e-05	9.713781e-05
1.713999999999922e+00	4.856769e-05	9.713808e-05
1.714999999999922e+00	4.856782e-05	9.713836e-05
1.715999999999922e+00	4.856796e-05	9.713863e-05
1.716999999999922e+00	4.856809e-05	9.713889e-05
1.717999999999922e+00	4.856822e-05	9.713917e-05
1.718999999999921e+00	4.856836e-05	9.713944e-05
1.719999999999921e+00	4.856849e-05	9.713971e-05
1.720999999999921e+00	4.856862e-05	9.713998e-05
1.721999999999921e+00	4.856875e-05	9.714026e-05
1.722999999999921e+00	4.856889e-05	9.714052e-05
1.723999999999921e+00	4.856902e-05	9.714079e-05
1.724999999999921e+00	4.856915e-05	9.714106e-05
1.725999999999921e+00	4.856928e-05	9.714134e-05
1.726999999999921e+00	4.856941e-05	9.714161e-05
1.727999999999920e+00	4.856955e-05	9.714188e-05
1.728999999999920e+00	4.856968e-05	9.714215e-05
1.729999999999920e+00	4.856981e-05	9.714242e-05
1.730999999999920e+00	4.856995e-05	9.714269e-05
1.731999999999920e+00	4.857008e-05	9.714296e-05
1.732999999999920e+00	4.857021e-05	9.714323e-05
1.733999999999920e+00	4.857034e-05	9.714350e-05
1.734999999999920e+00	4.857047e-05	9.714377e-05
1.735999999999920e+00	4.857061e-05	9.714404e-05
1.736999999999919e+00	4.857074e-05	9.714431e-05
1.737999999999919e+00	4.857087e-05	9.714458e-05
1.738999999999919e+00	4.857100e-05	9.714485e-05
1.739999999999919e+00	4.857114e-05	9.714512e-05
1.740999999999919e+00	4.857127e-05	9.714539e-05
1.741999999999919e+00	4.857140e-05	9.714566e-05
1.742999999999919e+00	4.857153e-05	9.714593e-05
1.743999999999919e+00	4.857166e-05	9.714620e-05
1.744999999999919e+00	4.857179e-05	9.714647e-05
1.745999999999919e+00	4.857193e-05	9.714674e-05
1.746999999999918e+00	4.857206e-05	9.714701e-05
1.747999999999918e+00	4.857219e-05	9.714728e-05
1.748999999999918e+00	4.857232e-05	9.714755e-05
1.749999999999918e+00	4.857246e-05	9.714781e-05
1.750999999999918e+00	4.857259e-05	9.714808e-05
1.751999999999918e+00	4.857272e-05	9.714835e-05
1.752999999999918e+00	4.857285e-05	9.714862e-05
1.753999999999918e+00	4.857298e-05	9.714889e-05
1.754999999999918e+00	4.857311e-05	9.714916e-05
1.755999999999917e+00	4.857325e-05	9.714943e-05
1.756999999999917e+00	4.857338e-05	9.714970e-05
1.757999999999917e+00	4.857351e-05	9.714997e-05
1.758999999999917e+00	4.857364e-05	9.715024e-05
1.759999999999917e+00	4.857377e-05	9.715051e-05
1.760999999999917e+00	4.857390e-05	9.715078e-05
1.761999999999917e+00	4.857403e-05	9.715105e-05
1.762999999999917e+00	4.857417e-05	9.715131e-05
1.763999999999917e+00	4.857430e-05	9.715158e-05
1.764999999999916e+00	4.857443e-05	9.715185e-05
1.765999999999916e+00	4.857456e-05	9.715212e-05
1.766999999999916e+00	4.857469e-05	9.715239e-05
1.767999999999916e+00	4.857482e-05	9.715265e-05
1.768999999999916e+00	4.857496e-05	9.715292e-05
1.769999999999916e+00	4.857509e-05	9.715319e-05
1.770999999999916e+00	4.857522e-05	9.715346e-05
1.771999999999916e+00	4.857535e-05	9.715373e-05
1.772999999999916e+00	4.857548e-05	9.715400e-05
1.773999999999915e+00	4.857561e-05	9.715427e-05
1.774999999999915e+00	4.857574e-05	9.715453e-05
1.775999999999915e+00	4.857587e-05	9.715480e-05
1.776999999999915e+00	4.857600e-05	9.715507e-05
1.777999999999915e+00	4.857613e-05	9.715534e-05
1.778999999999915e+00	4.857626e-05	9.715561e-05
1.779999999999915e+00	4.857640e-05	9.715588e-05
1.780999999999915e+00	4.857653e-05	9.715614e-05
1.781999999999915e+00	4.857666e-05	9.715641e-05
1.782999999999914e+00	4.857679e-05	9.715668e-05
1.783999999999914e+00	4.857692e-05	9.715695e-05
1.784999999999914e+00	4.857705e-05	9.715721e-05
1.785999999999914e+00	4.857718e-05	9.715748e-05
1.786999999999914e+00	4.857731e-05	9.715775e-05
1.787999999999914e+00	4.857744e-05	9.715802e-05
1.788999999999914e+00	4.857757e-05	9.715828e-05
1.789999999999914e+00	4.857771e-05	9.715855e-05
1.790999999999914e+00	4.857784e-05	9.715882e-05
1.791999999999913e+00	4.857797e-05	9.715909e-05
1.792999999999913e+00	4.857810e-05	9.715935e-05
1.793999999999913e+00	4.857823e-05	9.715962e-05
1.794999999999913e+00	4.857836e-05	9.715989e-05
1.795999999999913e+00	4.857849e-05	9.716015e-05
1.796999999999913e+00	4.857862e-05	9.716042e-05
1.797999999999913e+00	4.857875e-05	9.716069e-05
1.798999999999913e+00	4.857888e-05	9.716096e-05
1.800000000000000e+00	4.857901e-05	9.716122e-05
