vout	Id(M1)	Id(M2)
0.000000000000000e+00	2.459116e-05	0.000000e+00
1.000000000000000e-03	2.459116e-05	5.628102e-07
2.000000000000000e-03	2.459116e-05	1.121859e-06
3.000000000000000e-03	2.459116e-05	1.677147e-06
4.000000000000000e-03	2.459116e-05	2.228678e-06
5.000000000000000e-03	2.459116e-05	2.776451e-06
6.000000000000000e-03	2.459116e-05	3.320470e-06
7.000000000000000e-03	2.459116e-05	3.860735e-06
8.000000000000000e-03	2.459116e-05	4.397249e-06
9.000000000000001e-03	2.459116e-05	4.930012e-06
1.000000000000000e-02	2.459116e-05	5.459028e-06
1.100000000000000e-02	2.459116e-05	5.984298e-06
1.200000000000000e-02	2.459116e-05	6.505823e-06
1.300000000000000e-02	2.459116e-05	7.023605e-06
1.400000000000001e-02	2.459116e-05	7.537647e-06
1.500000000000001e-02	2.459116e-05	8.047950e-06
1.600000000000001e-02	2.459116e-05	8.554516e-06
1.700000000000001e-02	2.459116e-05	9.057348e-06
1.800000000000001e-02	2.459116e-05	9.556446e-06
1.900000000000001e-02	2.459116e-05	1.005181e-05
2.000000000000001e-02	2.459116e-05	1.054345e-05
2.100000000000001e-02	2.459116e-05	1.103137e-05
2.200000000000001e-02	2.459116e-05	1.151556e-05
2.300000000000001e-02	2.459116e-05	1.199602e-05
2.400000000000001e-02	2.459116e-05	1.247277e-05
2.500000000000002e-02	2.459116e-05	1.294580e-05
2.600000000000002e-02	2.459116e-05	1.341511e-05
2.700000000000002e-02	2.459116e-05	1.388071e-05
2.800000000000002e-02	2.459116e-05	1.434260e-05
2.900000000000002e-02	2.459116e-05	1.480078e-05
3.000000000000002e-02	2.459116e-05	1.525526e-05
3.100000000000002e-02	2.459116e-05	1.570604e-05
3.200000000000002e-02	2.459116e-05	1.615311e-05
3.300000000000002e-02	2.459116e-05	1.659649e-05
3.400000000000002e-02	2.459116e-05	1.703617e-05
3.500000000000002e-02	2.459116e-05	1.747216e-05
3.600000000000003e-02	2.459116e-05	1.790446e-05
3.700000000000003e-02	2.459116e-05	1.833308e-05
3.800000000000003e-02	2.459116e-05	1.875801e-05
3.900000000000003e-02	2.459116e-05	1.917926e-05
4.000000000000003e-02	2.459116e-05	1.959684e-05
4.100000000000003e-02	2.459116e-05	2.001074e-05
4.200000000000003e-02	2.459116e-05	2.042097e-05
4.300000000000003e-02	2.459116e-05	2.082754e-05
4.400000000000003e-02	2.459116e-05	2.123044e-05
4.500000000000003e-02	2.459116e-05	2.162968e-05
4.600000000000003e-02	2.459116e-05	2.202527e-05
4.700000000000003e-02	2.459116e-05	2.241720e-05
4.800000000000004e-02	2.459116e-05	2.280548e-05
4.900000000000004e-02	2.459116e-05	2.319012e-05
5.000000000000004e-02	2.459116e-05	2.357112e-05
5.100000000000004e-02	2.459116e-05	2.394848e-05
5.200000000000004e-02	2.459116e-05	2.432220e-05
5.300000000000004e-02	2.459116e-05	2.469230e-05
5.400000000000004e-02	2.459116e-05	2.505878e-05
5.500000000000004e-02	2.459116e-05	2.542163e-05
5.600000000000004e-02	2.459116e-05	2.578088e-05
5.700000000000004e-02	2.459116e-05	2.613651e-05
5.800000000000004e-02	2.459116e-05	2.648853e-05
5.900000000000005e-02	2.459116e-05	2.683696e-05
6.000000000000005e-02	2.459116e-05	2.718179e-05
6.100000000000005e-02	2.459116e-05	2.752303e-05
6.200000000000005e-02	2.459116e-05	2.786068e-05
6.300000000000004e-02	2.459116e-05	2.819476e-05
6.400000000000004e-02	2.459116e-05	2.852526e-05
6.500000000000004e-02	2.459116e-05	2.885220e-05
6.600000000000004e-02	2.459116e-05	2.917558e-05
6.700000000000005e-02	2.459116e-05	2.949540e-05
6.800000000000005e-02	2.459116e-05	2.981167e-05
6.900000000000005e-02	2.459116e-05	3.012440e-05
7.000000000000005e-02	2.459116e-05	3.043360e-05
7.100000000000005e-02	2.459116e-05	3.073927e-05
7.200000000000005e-02	2.459116e-05	3.104141e-05
7.300000000000005e-02	2.459116e-05	3.134004e-05
7.400000000000005e-02	2.459116e-05	3.163517e-05
7.500000000000005e-02	2.459116e-05	3.192680e-05
7.600000000000005e-02	2.459116e-05	3.221494e-05
7.700000000000005e-02	2.459116e-05	3.249959e-05
7.800000000000006e-02	2.459116e-05	3.278078e-05
7.900000000000006e-02	2.459116e-05	3.305849e-05
8.000000000000006e-02	2.459116e-05	3.333275e-05
8.100000000000006e-02	2.459116e-05	3.360357e-05
8.200000000000006e-02	2.459116e-05	3.387095e-05
8.300000000000006e-02	2.459116e-05	3.413490e-05
8.400000000000006e-02	2.459116e-05	3.439543e-05
8.500000000000006e-02	2.459116e-05	3.465256e-05
8.600000000000006e-02	2.459116e-05	3.490629e-05
8.700000000000006e-02	2.459116e-05	3.515663e-05
8.800000000000006e-02	2.459116e-05	3.540360e-05
8.900000000000007e-02	2.459116e-05	3.564721e-05
9.000000000000007e-02	2.459116e-05	3.588746e-05
9.100000000000007e-02	2.459116e-05	3.612438e-05
9.200000000000007e-02	2.459116e-05	3.635798e-05
9.300000000000007e-02	2.459116e-05	3.658826e-05
9.400000000000007e-02	2.459116e-05	3.681524e-05
9.500000000000007e-02	2.459116e-05	3.703894e-05
9.600000000000007e-02	2.459116e-05	3.725936e-05
9.700000000000007e-02	2.459116e-05	3.747653e-05
9.800000000000007e-02	2.459116e-05	3.769045e-05
9.900000000000007e-02	2.459116e-05	3.790115e-05
1.000000000000001e-01	2.459116e-05	3.810863e-05
1.010000000000001e-01	2.459116e-05	3.831292e-05
1.020000000000001e-01	2.459116e-05	3.851404e-05
1.030000000000001e-01	2.459116e-05	3.871199e-05
1.040000000000001e-01	2.459116e-05	3.890679e-05
1.050000000000001e-01	2.459116e-05	3.909848e-05
1.060000000000001e-01	2.459116e-05	3.928705e-05
1.070000000000001e-01	2.459116e-05	3.947254e-05
1.080000000000001e-01	2.459116e-05	3.965495e-05
1.090000000000001e-01	2.459116e-05	3.983431e-05
1.100000000000001e-01	2.459116e-05	4.001065e-05
1.110000000000001e-01	2.459116e-05	4.018398e-05
1.120000000000001e-01	2.459116e-05	4.035432e-05
1.130000000000001e-01	2.459116e-05	4.052170e-05
1.140000000000001e-01	2.459116e-05	4.068613e-05
1.150000000000001e-01	2.459116e-05	4.084764e-05
1.160000000000001e-01	2.459116e-05	4.100625e-05
1.170000000000001e-01	2.459116e-05	4.116199e-05
1.180000000000001e-01	2.459116e-05	4.131488e-05
1.190000000000001e-01	2.459116e-05	4.146495e-05
1.200000000000001e-01	2.459116e-05	4.161222e-05
1.210000000000001e-01	2.459116e-05	4.175672e-05
1.220000000000001e-01	2.459116e-05	4.189847e-05
1.230000000000001e-01	2.459116e-05	4.203750e-05
1.240000000000001e-01	2.459116e-05	4.217384e-05
1.250000000000001e-01	2.459116e-05	4.230751e-05
1.260000000000001e-01	2.459116e-05	4.243855e-05
1.270000000000001e-01	2.459116e-05	4.256698e-05
1.280000000000001e-01	2.459116e-05	4.269283e-05
1.290000000000001e-01	2.459116e-05	4.281613e-05
1.300000000000001e-01	2.459116e-05	4.293692e-05
1.310000000000001e-01	2.459116e-05	4.305521e-05
1.320000000000001e-01	2.459116e-05	4.317105e-05
1.330000000000001e-01	2.459116e-05	4.328446e-05
1.340000000000001e-01	2.459116e-05	4.339548e-05
1.350000000000001e-01	2.459116e-05	4.350414e-05
1.360000000000001e-01	2.459116e-05	4.361047e-05
1.370000000000001e-01	2.459116e-05	4.371450e-05
1.380000000000001e-01	2.459116e-05	4.381627e-05
1.390000000000001e-01	2.459116e-05	4.391581e-05
1.400000000000001e-01	2.459116e-05	4.401315e-05
1.410000000000001e-01	2.459116e-05	4.410833e-05
1.420000000000001e-01	2.459116e-05	4.420138e-05
1.430000000000001e-01	2.459116e-05	4.429233e-05
1.440000000000001e-01	2.459116e-05	4.438122e-05
1.450000000000001e-01	2.459116e-05	4.446809e-05
1.460000000000001e-01	2.459116e-05	4.455297e-05
1.470000000000001e-01	2.459116e-05	4.463589e-05
1.480000000000001e-01	2.459116e-05	4.471689e-05
1.490000000000001e-01	2.459116e-05	4.479600e-05
1.500000000000001e-01	2.459116e-05	4.487326e-05
1.510000000000001e-01	2.459116e-05	4.494870e-05
1.520000000000001e-01	2.459116e-05	4.502236e-05
1.530000000000001e-01	2.459116e-05	4.509427e-05
1.540000000000001e-01	2.459116e-05	4.516447e-05
1.550000000000001e-01	2.459116e-05	4.523299e-05
1.560000000000001e-01	2.459116e-05	4.529986e-05
1.570000000000001e-01	2.459116e-05	4.536513e-05
1.580000000000001e-01	2.459116e-05	4.542882e-05
1.590000000000001e-01	2.459116e-05	4.549096e-05
1.600000000000001e-01	2.459116e-05	4.555159e-05
1.610000000000001e-01	2.459116e-05	4.561076e-05
1.620000000000001e-01	2.459116e-05	4.566847e-05
1.630000000000001e-01	2.459116e-05	4.572477e-05
1.640000000000001e-01	2.459116e-05	4.577970e-05
1.650000000000001e-01	2.459116e-05	4.583328e-05
1.660000000000001e-01	2.459116e-05	4.588554e-05
1.670000000000001e-01	2.459116e-05	4.593652e-05
1.680000000000001e-01	2.459116e-05	4.598625e-05
1.690000000000001e-01	2.459116e-05	4.603475e-05
1.700000000000001e-01	2.459116e-05	4.608206e-05
1.710000000000001e-01	2.459116e-05	4.612820e-05
1.720000000000001e-01	2.459116e-05	4.617321e-05
1.730000000000001e-01	2.459116e-05	4.621711e-05
1.740000000000001e-01	2.459116e-05	4.625993e-05
1.750000000000001e-01	2.459116e-05	4.630171e-05
1.760000000000001e-01	2.459116e-05	4.634245e-05
1.770000000000001e-01	2.459116e-05	4.638220e-05
1.780000000000001e-01	2.459116e-05	4.642098e-05
1.790000000000001e-01	2.459116e-05	4.645882e-05
1.800000000000001e-01	2.459116e-05	4.649572e-05
1.810000000000001e-01	2.459116e-05	4.653174e-05
1.820000000000001e-01	2.459116e-05	4.656688e-05
1.830000000000001e-01	2.459116e-05	4.660117e-05
1.840000000000001e-01	2.459116e-05	4.663464e-05
1.850000000000001e-01	2.459116e-05	4.666730e-05
1.860000000000001e-01	2.459116e-05	4.669917e-05
1.870000000000001e-01	2.459116e-05	4.673029e-05
1.880000000000001e-01	2.459116e-05	4.676067e-05
1.890000000000001e-01	2.459116e-05	4.679033e-05
1.900000000000001e-01	2.459116e-05	4.681929e-05
1.910000000000001e-01	2.459116e-05	4.684757e-05
1.920000000000001e-01	2.459116e-05	4.687518e-05
1.930000000000001e-01	2.459116e-05	4.690216e-05
1.940000000000001e-01	2.459116e-05	4.692851e-05
1.950000000000001e-01	2.459116e-05	4.695425e-05
1.960000000000001e-01	2.459116e-05	4.697940e-05
1.970000000000001e-01	2.459116e-05	4.700398e-05
1.980000000000001e-01	2.459116e-05	4.702800e-05
1.990000000000001e-01	2.459116e-05	4.705148e-05
2.000000000000001e-01	2.459116e-05	4.707443e-05
2.010000000000002e-01	2.459116e-05	4.709687e-05
2.020000000000002e-01	2.459116e-05	4.711881e-05
2.030000000000002e-01	2.459116e-05	4.714027e-05
2.040000000000002e-01	2.459116e-05	4.716126e-05
2.050000000000002e-01	2.459116e-05	4.718179e-05
2.060000000000002e-01	2.459116e-05	4.720189e-05
2.070000000000002e-01	2.459116e-05	4.722155e-05
2.080000000000002e-01	2.459116e-05	4.724079e-05
2.090000000000002e-01	2.459116e-05	4.725962e-05
2.100000000000002e-01	2.459116e-05	4.727806e-05
2.110000000000002e-01	2.459116e-05	4.729611e-05
2.120000000000002e-01	2.459116e-05	4.731379e-05
2.130000000000002e-01	2.459116e-05	4.733111e-05
2.140000000000002e-01	2.459116e-05	4.734807e-05
2.150000000000002e-01	2.459116e-05	4.736469e-05
2.160000000000002e-01	2.459116e-05	4.738098e-05
2.170000000000002e-01	2.459116e-05	4.739694e-05
2.180000000000002e-01	2.459116e-05	4.741260e-05
2.190000000000002e-01	2.459116e-05	4.742794e-05
2.200000000000002e-01	2.459116e-05	4.744298e-05
2.210000000000002e-01	2.459116e-05	4.745774e-05
2.220000000000002e-01	2.459116e-05	4.747221e-05
2.230000000000002e-01	2.459116e-05	4.748641e-05
2.240000000000002e-01	2.459116e-05	4.750034e-05
2.250000000000002e-01	2.459116e-05	4.751401e-05
2.260000000000002e-01	2.459116e-05	4.752743e-05
2.270000000000002e-01	2.459116e-05	4.754061e-05
2.280000000000002e-01	2.459116e-05	4.755355e-05
2.290000000000002e-01	2.459116e-05	4.756625e-05
2.300000000000002e-01	2.459116e-05	4.757873e-05
2.310000000000002e-01	2.459116e-05	4.759099e-05
2.320000000000002e-01	2.459116e-05	4.760303e-05
2.330000000000002e-01	2.459116e-05	4.761487e-05
2.340000000000002e-01	2.459116e-05	4.762650e-05
2.350000000000002e-01	2.459116e-05	4.763794e-05
2.360000000000002e-01	2.459116e-05	4.764919e-05
2.370000000000002e-01	2.459116e-05	4.766025e-05
2.380000000000002e-01	2.459116e-05	4.767112e-05
2.390000000000002e-01	2.459116e-05	4.768182e-05
2.400000000000002e-01	2.459116e-05	4.769235e-05
2.410000000000002e-01	2.459116e-05	4.770270e-05
2.420000000000002e-01	2.459116e-05	4.771290e-05
2.430000000000002e-01	2.459116e-05	4.772293e-05
2.440000000000002e-01	2.459116e-05	4.773281e-05
2.450000000000002e-01	2.459116e-05	4.774253e-05
2.460000000000002e-01	2.459116e-05	4.775211e-05
2.470000000000002e-01	2.459116e-05	4.776155e-05
2.480000000000002e-01	2.459116e-05	4.777084e-05
2.490000000000002e-01	2.459116e-05	4.777999e-05
2.500000000000002e-01	2.459116e-05	4.778902e-05
2.510000000000002e-01	2.459116e-05	4.779791e-05
2.520000000000002e-01	2.459116e-05	4.780668e-05
2.530000000000002e-01	2.459116e-05	4.781532e-05
2.540000000000002e-01	2.459116e-05	4.782384e-05
2.550000000000002e-01	2.459116e-05	4.783224e-05
2.560000000000002e-01	2.459116e-05	4.784053e-05
2.570000000000002e-01	2.459116e-05	4.784871e-05
2.580000000000002e-01	2.459116e-05	4.785677e-05
2.590000000000002e-01	2.459116e-05	4.786473e-05
2.600000000000002e-01	2.459116e-05	4.787259e-05
2.610000000000002e-01	2.459116e-05	4.788034e-05
2.620000000000002e-01	2.459116e-05	4.788800e-05
2.630000000000002e-01	2.459116e-05	4.789555e-05
2.640000000000002e-01	2.459116e-05	4.790301e-05
2.650000000000002e-01	2.459116e-05	4.791038e-05
2.660000000000002e-01	2.459116e-05	4.791766e-05
2.670000000000002e-01	2.459116e-05	4.792485e-05
2.680000000000002e-01	2.459116e-05	4.793195e-05
2.690000000000002e-01	2.459116e-05	4.793897e-05
2.700000000000002e-01	2.459116e-05	4.794591e-05
2.710000000000002e-01	2.459116e-05	4.795277e-05
2.720000000000002e-01	2.459116e-05	4.795954e-05
2.730000000000002e-01	2.459116e-05	4.796624e-05
2.740000000000002e-01	2.459116e-05	4.797287e-05
2.750000000000002e-01	2.459116e-05	4.797942e-05
2.760000000000002e-01	2.459116e-05	4.798590e-05
2.770000000000002e-01	2.459116e-05	4.799231e-05
2.780000000000002e-01	2.459116e-05	4.799865e-05
2.790000000000002e-01	2.459116e-05	4.800492e-05
2.800000000000002e-01	2.459116e-05	4.801113e-05
2.810000000000002e-01	2.459116e-05	4.801727e-05
2.820000000000002e-01	2.459116e-05	4.802335e-05
2.830000000000002e-01	2.459116e-05	4.802937e-05
2.840000000000002e-01	2.459116e-05	4.803533e-05
2.850000000000002e-01	2.459116e-05	4.804123e-05
2.860000000000002e-01	2.459116e-05	4.804707e-05
2.870000000000002e-01	2.459116e-05	4.805285e-05
2.880000000000002e-01	2.459116e-05	4.805858e-05
2.890000000000002e-01	2.459116e-05	4.806425e-05
2.900000000000002e-01	2.459116e-05	4.806987e-05
2.910000000000002e-01	2.459116e-05	4.807544e-05
2.920000000000002e-01	2.459116e-05	4.808096e-05
2.930000000000002e-01	2.459116e-05	4.808643e-05
2.940000000000002e-01	2.459116e-05	4.809184e-05
2.950000000000002e-01	2.459116e-05	4.809722e-05
2.960000000000002e-01	2.459116e-05	4.810254e-05
2.970000000000002e-01	2.459116e-05	4.810782e-05
2.980000000000002e-01	2.459116e-05	4.811305e-05
2.990000000000002e-01	2.459116e-05	4.811824e-05
3.000000000000002e-01	2.459116e-05	4.812338e-05
3.010000000000002e-01	2.459116e-05	4.812848e-05
3.020000000000002e-01	2.459116e-05	4.813354e-05
3.030000000000002e-01	2.459116e-05	4.813856e-05
3.040000000000002e-01	2.459116e-05	4.814354e-05
3.050000000000002e-01	2.459116e-05	4.814848e-05
3.060000000000002e-01	2.459116e-05	4.815338e-05
3.070000000000002e-01	2.459116e-05	4.815825e-05
3.080000000000002e-01	2.459116e-05	4.816307e-05
3.090000000000002e-01	2.459116e-05	4.816786e-05
3.100000000000002e-01	2.459116e-05	4.817262e-05
3.110000000000002e-01	2.459116e-05	4.817733e-05
3.120000000000002e-01	2.459116e-05	4.818202e-05
3.130000000000002e-01	2.459116e-05	4.818667e-05
3.140000000000002e-01	2.459116e-05	4.819129e-05
3.150000000000002e-01	2.459116e-05	4.819587e-05
3.160000000000002e-01	2.459116e-05	4.820043e-05
3.170000000000002e-01	2.459116e-05	4.820495e-05
3.180000000000002e-01	2.459116e-05	4.820944e-05
3.190000000000002e-01	2.459116e-05	4.821390e-05
3.200000000000002e-01	2.459116e-05	4.821833e-05
3.210000000000002e-01	2.459116e-05	4.822273e-05
3.220000000000002e-01	2.459116e-05	4.822711e-05
3.230000000000002e-01	2.459116e-05	4.823145e-05
3.240000000000002e-01	2.459116e-05	4.823577e-05
3.250000000000002e-01	2.459116e-05	4.824006e-05
3.260000000000002e-01	2.459116e-05	4.824432e-05
3.270000000000002e-01	2.459116e-05	4.824856e-05
3.280000000000002e-01	2.459116e-05	4.825278e-05
3.290000000000002e-01	2.459116e-05	4.825696e-05
3.300000000000002e-01	2.459116e-05	4.826112e-05
3.310000000000002e-01	2.459116e-05	4.826526e-05
3.320000000000002e-01	2.459116e-05	4.826937e-05
3.330000000000002e-01	2.459116e-05	4.827346e-05
3.340000000000002e-01	2.459116e-05	4.827753e-05
3.350000000000002e-01	2.459116e-05	4.828157e-05
3.360000000000002e-01	2.459116e-05	4.828559e-05
3.370000000000002e-01	2.459116e-05	4.828959e-05
3.380000000000002e-01	2.459116e-05	4.829357e-05
3.390000000000002e-01	2.459116e-05	4.829752e-05
3.400000000000002e-01	2.459116e-05	4.830146e-05
3.410000000000002e-01	2.459116e-05	4.830537e-05
3.420000000000002e-01	2.459116e-05	4.830927e-05
3.430000000000002e-01	2.459116e-05	4.831314e-05
3.440000000000003e-01	2.459116e-05	4.831699e-05
3.450000000000003e-01	2.459116e-05	4.832083e-05
3.460000000000003e-01	2.459116e-05	4.832464e-05
3.470000000000003e-01	2.459116e-05	4.832844e-05
3.480000000000003e-01	2.459116e-05	4.833222e-05
3.490000000000003e-01	2.459116e-05	4.833598e-05
3.500000000000003e-01	2.459116e-05	4.833972e-05
3.510000000000003e-01	2.459116e-05	4.834345e-05
3.520000000000003e-01	2.459116e-05	4.834715e-05
3.530000000000003e-01	2.459116e-05	4.835084e-05
3.540000000000003e-01	2.459116e-05	4.835452e-05
3.550000000000003e-01	2.459116e-05	4.835818e-05
3.560000000000003e-01	2.459116e-05	4.836181e-05
3.570000000000003e-01	2.459116e-05	4.836544e-05
3.580000000000003e-01	2.459116e-05	4.836905e-05
3.590000000000003e-01	2.459116e-05	4.837264e-05
3.600000000000003e-01	2.459116e-05	4.837622e-05
3.610000000000003e-01	2.459116e-05	4.837978e-05
3.620000000000003e-01	2.459116e-05	4.838333e-05
3.630000000000003e-01	2.459116e-05	4.838686e-05
3.640000000000003e-01	2.459116e-05	4.839038e-05
3.650000000000003e-01	2.459116e-05	4.839389e-05
3.660000000000003e-01	2.459116e-05	4.839738e-05
3.670000000000003e-01	2.459116e-05	4.840086e-05
3.680000000000003e-01	2.459116e-05	4.840432e-05
3.690000000000003e-01	2.459116e-05	4.840777e-05
3.700000000000003e-01	2.459116e-05	4.841120e-05
3.710000000000003e-01	2.459116e-05	4.841463e-05
3.720000000000003e-01	2.459116e-05	4.841804e-05
3.730000000000003e-01	2.459116e-05	4.842144e-05
3.740000000000003e-01	2.459116e-05	4.842482e-05
3.750000000000003e-01	2.459116e-05	4.842820e-05
3.760000000000003e-01	2.459116e-05	4.843156e-05
3.770000000000003e-01	2.459116e-05	4.843491e-05
3.780000000000003e-01	2.459116e-05	4.843824e-05
3.790000000000003e-01	2.459116e-05	4.844157e-05
3.800000000000003e-01	2.459116e-05	4.844488e-05
3.810000000000003e-01	2.459116e-05	4.844819e-05
3.820000000000003e-01	2.459116e-05	4.845148e-05
3.830000000000003e-01	2.459116e-05	4.845476e-05
3.840000000000003e-01	2.459116e-05	4.845803e-05
3.850000000000003e-01	2.459116e-05	4.846129e-05
3.860000000000003e-01	2.459116e-05	4.846454e-05
3.870000000000003e-01	2.459116e-05	4.846778e-05
3.880000000000003e-01	2.459116e-05	4.847101e-05
3.890000000000003e-01	2.459116e-05	4.847422e-05
3.900000000000003e-01	2.459116e-05	4.847743e-05
3.910000000000003e-01	2.459116e-05	4.848063e-05
3.920000000000003e-01	2.459116e-05	4.848382e-05
3.930000000000003e-01	2.459116e-05	4.848700e-05
3.940000000000003e-01	2.459116e-05	4.849017e-05
3.950000000000003e-01	2.459116e-05	4.849333e-05
3.960000000000003e-01	2.459116e-05	4.849648e-05
3.970000000000003e-01	2.459116e-05	4.849962e-05
3.980000000000003e-01	2.459116e-05	4.850275e-05
3.990000000000003e-01	2.459116e-05	4.850588e-05
4.000000000000003e-01	2.459116e-05	4.850899e-05
4.010000000000003e-01	2.459116e-05	4.851210e-05
4.020000000000003e-01	2.459116e-05	4.851520e-05
4.030000000000003e-01	2.459116e-05	4.851829e-05
4.040000000000003e-01	2.459116e-05	4.852137e-05
4.050000000000003e-01	2.459116e-05	4.852444e-05
4.060000000000003e-01	2.459116e-05	4.852750e-05
4.070000000000003e-01	2.459116e-05	4.853056e-05
4.080000000000003e-01	2.459116e-05	4.853361e-05
4.090000000000003e-01	2.459116e-05	4.853665e-05
4.100000000000003e-01	2.459116e-05	4.853968e-05
4.110000000000003e-01	2.459116e-05	4.854271e-05
4.120000000000003e-01	2.459116e-05	4.854573e-05
4.130000000000003e-01	2.459116e-05	4.854874e-05
4.140000000000003e-01	2.459116e-05	4.855174e-05
4.150000000000003e-01	2.459116e-05	4.855474e-05
4.160000000000003e-01	2.459116e-05	4.855773e-05
4.170000000000003e-01	2.459116e-05	4.856071e-05
4.180000000000003e-01	2.459116e-05	4.856368e-05
4.190000000000003e-01	2.459116e-05	4.856665e-05
4.200000000000003e-01	2.459116e-05	4.856961e-05
4.210000000000003e-01	2.459116e-05	4.857257e-05
4.220000000000003e-01	2.459116e-05	4.857552e-05
4.230000000000003e-01	2.459116e-05	4.857846e-05
4.240000000000003e-01	2.459116e-05	4.858139e-05
4.250000000000003e-01	2.459116e-05	4.858432e-05
4.260000000000003e-01	2.459116e-05	4.858724e-05
4.270000000000003e-01	2.459116e-05	4.859016e-05
4.280000000000003e-01	2.459116e-05	4.859307e-05
4.290000000000003e-01	2.459116e-05	4.859597e-05
4.300000000000003e-01	2.459116e-05	4.859887e-05
4.310000000000003e-01	2.459116e-05	4.860176e-05
4.320000000000003e-01	2.459116e-05	4.860464e-05
4.330000000000003e-01	2.459116e-05	4.860753e-05
4.340000000000003e-01	2.459116e-05	4.861040e-05
4.350000000000003e-01	2.459116e-05	4.861327e-05
4.360000000000003e-01	2.459116e-05	4.861613e-05
4.370000000000003e-01	2.459116e-05	4.861899e-05
4.380000000000003e-01	2.459116e-05	4.862184e-05
4.390000000000003e-01	2.459116e-05	4.862468e-05
4.400000000000003e-01	2.459116e-05	4.862752e-05
4.410000000000003e-01	2.459116e-05	4.863036e-05
4.420000000000003e-01	2.459116e-05	4.863318e-05
4.430000000000003e-01	2.459116e-05	4.863601e-05
4.440000000000003e-01	2.459116e-05	4.863883e-05
4.450000000000003e-01	2.459116e-05	4.864164e-05
4.460000000000003e-01	2.459116e-05	4.864445e-05
4.470000000000003e-01	2.459116e-05	4.864726e-05
4.480000000000003e-01	2.459116e-05	4.865005e-05
4.490000000000003e-01	2.459116e-05	4.865285e-05
4.500000000000003e-01	2.459116e-05	4.865564e-05
4.510000000000003e-01	2.459116e-05	4.865842e-05
4.520000000000003e-01	2.459116e-05	4.866120e-05
4.530000000000003e-01	2.459116e-05	4.866398e-05
4.540000000000003e-01	2.459116e-05	4.866675e-05
4.550000000000003e-01	2.459116e-05	4.866951e-05
4.560000000000003e-01	2.459116e-05	4.867227e-05
4.570000000000004e-01	2.459116e-05	4.867503e-05
4.580000000000004e-01	2.459116e-05	4.867778e-05
4.590000000000004e-01	2.459116e-05	4.868053e-05
4.600000000000004e-01	2.459116e-05	4.868328e-05
4.610000000000004e-01	2.459116e-05	4.868601e-05
4.620000000000004e-01	2.459116e-05	4.868875e-05
4.630000000000004e-01	2.459116e-05	4.869148e-05
4.640000000000004e-01	2.459116e-05	4.869420e-05
4.650000000000004e-01	2.459116e-05	4.869693e-05
4.660000000000004e-01	2.459116e-05	4.869965e-05
4.670000000000004e-01	2.459116e-05	4.870236e-05
4.680000000000004e-01	2.459116e-05	4.870507e-05
4.690000000000004e-01	2.459116e-05	4.870778e-05
4.700000000000004e-01	2.459116e-05	4.871048e-05
4.710000000000004e-01	2.459116e-05	4.871318e-05
4.720000000000004e-01	2.459116e-05	4.871587e-05
4.730000000000004e-01	2.459116e-05	4.871856e-05
4.740000000000004e-01	2.459116e-05	4.872125e-05
4.750000000000004e-01	2.459116e-05	4.872393e-05
4.760000000000004e-01	2.459116e-05	4.872661e-05
4.770000000000004e-01	2.459116e-05	4.872929e-05
4.780000000000004e-01	2.459116e-05	4.873196e-05
4.790000000000004e-01	2.459116e-05	4.873463e-05
4.800000000000004e-01	2.459116e-05	4.873729e-05
4.810000000000004e-01	2.459116e-05	4.873995e-05
4.820000000000004e-01	2.459116e-05	4.874261e-05
4.830000000000004e-01	2.459116e-05	4.874527e-05
4.840000000000004e-01	2.459116e-05	4.874792e-05
4.850000000000004e-01	2.459116e-05	4.875056e-05
4.860000000000004e-01	2.459116e-05	4.875321e-05
4.870000000000004e-01	2.459116e-05	4.875585e-05
4.880000000000004e-01	2.459116e-05	4.875849e-05
4.890000000000004e-01	2.459116e-05	4.876112e-05
4.900000000000004e-01	2.459116e-05	4.876376e-05
4.910000000000004e-01	2.459116e-05	4.876638e-05
4.920000000000004e-01	2.459116e-05	4.876901e-05
4.930000000000004e-01	2.459116e-05	4.877163e-05
4.940000000000004e-01	2.459116e-05	4.877425e-05
4.950000000000004e-01	2.459116e-05	4.877686e-05
4.960000000000004e-01	2.459116e-05	4.877948e-05
4.970000000000004e-01	2.459116e-05	4.878208e-05
4.980000000000004e-01	2.459116e-05	4.878469e-05
4.990000000000004e-01	2.459116e-05	4.878729e-05
5.000000000000003e-01	2.459116e-05	4.878989e-05
5.010000000000003e-01	2.459116e-05	4.879249e-05
5.020000000000003e-01	2.459116e-05	4.879509e-05
5.030000000000003e-01	2.459116e-05	4.879768e-05
5.040000000000003e-01	2.459116e-05	4.880027e-05
5.050000000000003e-01	2.459116e-05	4.880286e-05
5.060000000000003e-01	2.459116e-05	4.880544e-05
5.070000000000003e-01	2.459116e-05	4.880802e-05
5.080000000000003e-01	2.459116e-05	4.881060e-05
5.090000000000003e-01	2.459116e-05	4.881317e-05
5.100000000000003e-01	2.459116e-05	4.881575e-05
5.110000000000003e-01	2.459116e-05	4.881832e-05
5.120000000000003e-01	2.459116e-05	4.882088e-05
5.130000000000003e-01	2.459116e-05	4.882345e-05
5.140000000000003e-01	2.459116e-05	4.882601e-05
5.150000000000003e-01	2.459116e-05	4.882857e-05
5.160000000000003e-01	2.459116e-05	4.883113e-05
5.170000000000003e-01	2.459116e-05	4.883368e-05
5.180000000000003e-01	2.459116e-05	4.883623e-05
5.190000000000003e-01	2.459116e-05	4.883879e-05
5.200000000000004e-01	2.459116e-05	4.884133e-05
5.210000000000004e-01	2.459116e-05	4.884387e-05
5.220000000000004e-01	2.459116e-05	4.884642e-05
5.230000000000004e-01	2.459116e-05	4.884896e-05
5.240000000000004e-01	2.459116e-05	4.885150e-05
5.250000000000004e-01	2.459116e-05	4.885403e-05
5.260000000000004e-01	2.459116e-05	4.885656e-05
5.270000000000004e-01	2.459116e-05	4.885910e-05
5.280000000000004e-01	2.459116e-05	4.886162e-05
5.290000000000004e-01	2.459116e-05	4.886415e-05
5.300000000000004e-01	2.459116e-05	4.886667e-05
5.310000000000004e-01	2.459116e-05	4.886919e-05
5.320000000000004e-01	2.459116e-05	4.887171e-05
5.330000000000004e-01	2.459116e-05	4.887423e-05
5.340000000000004e-01	2.459116e-05	4.887675e-05
5.350000000000004e-01	2.459116e-05	4.887926e-05
5.360000000000004e-01	2.459116e-05	4.888177e-05
5.370000000000004e-01	2.459116e-05	4.888428e-05
5.380000000000004e-01	2.459116e-05	4.888678e-05
5.390000000000004e-01	2.459116e-05	4.888929e-05
5.400000000000004e-01	2.459116e-05	4.889179e-05
5.410000000000004e-01	2.459116e-05	4.889429e-05
5.420000000000004e-01	2.459116e-05	4.889679e-05
5.430000000000004e-01	2.459116e-05	4.889929e-05
5.440000000000004e-01	2.459116e-05	4.890178e-05
5.450000000000004e-01	2.459116e-05	4.890428e-05
5.460000000000004e-01	2.459116e-05	4.890676e-05
5.470000000000004e-01	2.459116e-05	4.890925e-05
5.480000000000004e-01	2.459116e-05	4.891174e-05
5.490000000000004e-01	2.459116e-05	4.891423e-05
5.500000000000004e-01	2.459116e-05	4.891671e-05
5.510000000000004e-01	2.459116e-05	4.891919e-05
5.520000000000004e-01	2.459116e-05	4.892167e-05
5.530000000000004e-01	2.459116e-05	4.892415e-05
5.540000000000004e-01	2.459116e-05	4.892662e-05
5.550000000000004e-01	2.459116e-05	4.892909e-05
5.560000000000004e-01	2.459116e-05	4.893156e-05
5.570000000000004e-01	2.459116e-05	4.893403e-05
5.580000000000004e-01	2.459116e-05	4.893650e-05
5.590000000000004e-01	2.459116e-05	4.893897e-05
5.600000000000004e-01	2.459116e-05	4.894143e-05
5.610000000000004e-01	2.459116e-05	4.894390e-05
5.620000000000004e-01	2.459116e-05	4.894636e-05
5.630000000000004e-01	2.459116e-05	4.894882e-05
5.640000000000004e-01	2.459116e-05	4.895127e-05
5.650000000000004e-01	2.459116e-05	4.895373e-05
5.660000000000004e-01	2.459116e-05	4.895619e-05
5.670000000000004e-01	2.459116e-05	4.895864e-05
5.680000000000004e-01	2.459116e-05	4.896109e-05
5.690000000000004e-01	2.459116e-05	4.896354e-05
5.700000000000004e-01	2.459116e-05	4.896599e-05
5.710000000000004e-01	2.459116e-05	4.896844e-05
5.720000000000004e-01	2.459116e-05	4.897088e-05
5.730000000000004e-01	2.459116e-05	4.897332e-05
5.740000000000004e-01	2.459116e-05	4.897576e-05
5.750000000000004e-01	2.459116e-05	4.897820e-05
5.760000000000004e-01	2.459116e-05	4.898064e-05
5.770000000000004e-01	2.459116e-05	4.898308e-05
5.780000000000004e-01	2.459116e-05	4.898552e-05
5.790000000000004e-01	2.459116e-05	4.898795e-05
5.800000000000004e-01	2.459116e-05	4.899038e-05
5.810000000000004e-01	2.459116e-05	4.899281e-05
5.820000000000004e-01	2.459116e-05	4.899524e-05
5.830000000000004e-01	2.459116e-05	4.899767e-05
5.840000000000004e-01	2.459116e-05	4.900010e-05
5.850000000000004e-01	2.459116e-05	4.900252e-05
5.860000000000004e-01	2.459116e-05	4.900495e-05
5.870000000000004e-01	2.459116e-05	4.900737e-05
5.880000000000004e-01	2.459116e-05	4.900979e-05
5.890000000000004e-01	2.459116e-05	4.901221e-05
5.900000000000004e-01	2.459116e-05	4.901463e-05
5.910000000000004e-01	2.459116e-05	4.901704e-05
5.920000000000004e-01	2.459116e-05	4.901946e-05
5.930000000000004e-01	2.459116e-05	4.902187e-05
5.940000000000004e-01	2.459116e-05	4.902429e-05
5.950000000000004e-01	2.459116e-05	4.902669e-05
5.960000000000004e-01	2.459116e-05	4.902911e-05
5.970000000000004e-01	2.459116e-05	4.903151e-05
5.980000000000004e-01	2.459116e-05	4.903392e-05
5.990000000000004e-01	2.459116e-05	4.903633e-05
6.000000000000004e-01	2.459116e-05	4.903873e-05
6.010000000000004e-01	2.459116e-05	4.904114e-05
6.020000000000004e-01	2.459116e-05	4.904354e-05
6.030000000000004e-01	2.459116e-05	4.904594e-05
6.040000000000004e-01	2.459116e-05	4.904834e-05
6.050000000000004e-01	2.459116e-05	4.905074e-05
6.060000000000004e-01	2.459116e-05	4.905313e-05
6.070000000000004e-01	2.459116e-05	4.905553e-05
6.080000000000004e-01	2.459116e-05	4.905793e-05
6.090000000000004e-01	2.459116e-05	4.906032e-05
6.100000000000004e-01	2.459116e-05	4.906271e-05
6.110000000000004e-01	2.459116e-05	4.906510e-05
6.120000000000004e-01	2.459116e-05	4.906749e-05
6.130000000000004e-01	2.459116e-05	4.906988e-05
6.140000000000004e-01	2.459116e-05	4.907227e-05
6.150000000000004e-01	2.459116e-05	4.907465e-05
6.160000000000004e-01	2.459116e-05	4.907704e-05
6.170000000000004e-01	2.459116e-05	4.907943e-05
6.180000000000004e-01	2.459116e-05	4.908181e-05
6.190000000000004e-01	2.459116e-05	4.908419e-05
6.200000000000004e-01	2.459116e-05	4.908657e-05
6.210000000000004e-01	2.459116e-05	4.908895e-05
6.220000000000004e-01	2.459116e-05	4.909133e-05
6.230000000000004e-01	2.459116e-05	4.909371e-05
6.240000000000004e-01	2.459116e-05	4.909608e-05
6.250000000000004e-01	2.459116e-05	4.909846e-05
6.260000000000004e-01	2.459116e-05	4.910083e-05
6.270000000000004e-01	2.459116e-05	4.910321e-05
6.280000000000004e-01	2.459116e-05	4.910558e-05
6.290000000000004e-01	2.459116e-05	4.910795e-05
6.300000000000004e-01	2.459116e-05	4.911032e-05
6.310000000000004e-01	2.459116e-05	4.911269e-05
6.320000000000005e-01	2.459116e-05	4.911506e-05
6.330000000000005e-01	2.459116e-05	4.911743e-05
6.340000000000005e-01	2.459116e-05	4.911979e-05
6.350000000000005e-01	2.459116e-05	4.912215e-05
6.360000000000005e-01	2.459116e-05	4.912452e-05
6.370000000000005e-01	2.459116e-05	4.912688e-05
6.380000000000005e-01	2.459116e-05	4.912924e-05
6.390000000000005e-01	2.459116e-05	4.913161e-05
6.400000000000005e-01	2.459116e-05	4.913397e-05
6.410000000000005e-01	2.459116e-05	4.913632e-05
6.420000000000005e-01	2.459116e-05	4.913868e-05
6.430000000000005e-01	2.459116e-05	4.914104e-05
6.440000000000005e-01	2.459116e-05	4.914340e-05
6.450000000000005e-01	2.459116e-05	4.914575e-05
6.460000000000005e-01	2.459116e-05	4.914811e-05
6.470000000000005e-01	2.459116e-05	4.915046e-05
6.480000000000005e-01	2.459116e-05	4.915281e-05
6.490000000000005e-01	2.459116e-05	4.915517e-05
6.500000000000005e-01	2.459116e-05	4.915752e-05
6.510000000000005e-01	2.459116e-05	4.915987e-05
6.520000000000005e-01	2.459116e-05	4.916222e-05
6.530000000000005e-01	2.459116e-05	4.916456e-05
6.540000000000005e-01	2.459116e-05	4.916691e-05
6.550000000000005e-01	2.459116e-05	4.916926e-05
6.560000000000005e-01	2.459116e-05	4.917160e-05
6.570000000000005e-01	2.459116e-05	4.917394e-05
6.580000000000005e-01	2.459116e-05	4.917629e-05
6.590000000000005e-01	2.459116e-05	4.917863e-05
6.600000000000005e-01	2.459116e-05	4.918097e-05
6.610000000000005e-01	2.459116e-05	4.918332e-05
6.620000000000005e-01	2.459116e-05	4.918566e-05
6.630000000000005e-01	2.459116e-05	4.918799e-05
6.640000000000005e-01	2.459116e-05	4.919033e-05
6.650000000000005e-01	2.459116e-05	4.919267e-05
6.660000000000005e-01	2.459116e-05	4.919501e-05
6.670000000000005e-01	2.459116e-05	4.919734e-05
6.680000000000005e-01	2.459116e-05	4.919968e-05
6.690000000000005e-01	2.459116e-05	4.920202e-05
6.700000000000005e-01	2.459116e-05	4.920435e-05
6.710000000000005e-01	2.459116e-05	4.920668e-05
6.720000000000005e-01	2.459116e-05	4.920901e-05
6.730000000000005e-01	2.459116e-05	4.921135e-05
6.740000000000005e-01	2.459116e-05	4.921368e-05
6.750000000000005e-01	2.459116e-05	4.921601e-05
6.760000000000005e-01	2.459116e-05	4.921834e-05
6.770000000000005e-01	2.459116e-05	4.922066e-05
6.780000000000005e-01	2.459116e-05	4.922299e-05
6.790000000000005e-01	2.459116e-05	4.922532e-05
6.800000000000005e-01	2.459116e-05	4.922764e-05
6.810000000000005e-01	2.459116e-05	4.922997e-05
6.820000000000005e-01	2.459116e-05	4.923229e-05
6.830000000000005e-01	2.459116e-05	4.923462e-05
6.840000000000005e-01	2.459116e-05	4.923694e-05
6.850000000000005e-01	2.459116e-05	4.923926e-05
6.860000000000005e-01	2.459116e-05	4.924159e-05
6.870000000000005e-01	2.459116e-05	4.924391e-05
6.880000000000005e-01	2.459116e-05	4.924623e-05
6.890000000000005e-01	2.459116e-05	4.924855e-05
6.900000000000005e-01	2.459116e-05	4.925087e-05
6.910000000000005e-01	2.459116e-05	4.925318e-05
6.920000000000005e-01	2.459116e-05	4.925550e-05
6.930000000000005e-01	2.459116e-05	4.925782e-05
6.940000000000005e-01	2.459116e-05	4.926014e-05
6.950000000000005e-01	2.459116e-05	4.926245e-05
6.960000000000005e-01	2.459116e-05	4.926477e-05
6.970000000000005e-01	2.459116e-05	4.926708e-05
6.980000000000005e-01	2.459116e-05	4.926939e-05
6.990000000000005e-01	2.459116e-05	4.927171e-05
7.000000000000005e-01	2.459116e-05	4.927402e-05
7.010000000000005e-01	2.459116e-05	4.927633e-05
7.020000000000005e-01	2.459116e-05	4.927864e-05
7.030000000000005e-01	2.459116e-05	4.928095e-05
7.040000000000005e-01	2.459116e-05	4.928326e-05
7.050000000000005e-01	2.459116e-05	4.928557e-05
7.060000000000005e-01	2.459116e-05	4.928788e-05
7.070000000000005e-01	2.459116e-05	4.929019e-05
7.080000000000005e-01	2.459116e-05	4.929249e-05
7.090000000000005e-01	2.459116e-05	4.929480e-05
7.100000000000005e-01	2.459116e-05	4.929710e-05
7.110000000000005e-01	2.459116e-05	4.929941e-05
7.120000000000005e-01	2.459116e-05	4.930171e-05
7.130000000000005e-01	2.459116e-05	4.930402e-05
7.140000000000005e-01	2.459116e-05	4.930632e-05
7.150000000000005e-01	2.459116e-05	4.930863e-05
7.160000000000005e-01	2.459116e-05	4.931093e-05
7.170000000000005e-01	2.459116e-05	4.931323e-05
7.180000000000005e-01	2.459116e-05	4.931553e-05
7.190000000000005e-01	2.459116e-05	4.931783e-05
7.200000000000005e-01	2.459116e-05	4.932013e-05
7.210000000000005e-01	2.459116e-05	4.932243e-05
7.220000000000005e-01	2.459116e-05	4.932473e-05
7.230000000000005e-01	2.459116e-05	4.932702e-05
7.240000000000005e-01	2.459116e-05	4.932932e-05
7.250000000000005e-01	2.459116e-05	4.933162e-05
7.260000000000005e-01	2.459116e-05	4.933392e-05
7.270000000000005e-01	2.459116e-05	4.933621e-05
7.280000000000005e-01	2.459116e-05	4.933851e-05
7.290000000000005e-01	2.459116e-05	4.934080e-05
7.300000000000005e-01	2.459116e-05	4.934310e-05
7.310000000000005e-01	2.459116e-05	4.934539e-05
7.320000000000005e-01	2.459116e-05	4.934768e-05
7.330000000000005e-01	2.459116e-05	4.934998e-05
7.340000000000005e-01	2.459116e-05	4.935227e-05
7.350000000000005e-01	2.459116e-05	4.935456e-05
7.360000000000005e-01	2.459116e-05	4.935685e-05
7.370000000000005e-01	2.459116e-05	4.935914e-05
7.380000000000005e-01	2.459116e-05	4.936143e-05
7.390000000000005e-01	2.459116e-05	4.936372e-05
7.400000000000005e-01	2.459116e-05	4.936601e-05
7.410000000000005e-01	2.459116e-05	4.936830e-05
7.420000000000005e-01	2.459116e-05	4.937058e-05
7.430000000000005e-01	2.459116e-05	4.937287e-05
7.440000000000005e-01	2.459116e-05	4.937516e-05
7.450000000000006e-01	2.459116e-05	4.937744e-05
7.460000000000006e-01	2.459116e-05	4.937973e-05
7.470000000000006e-01	2.459116e-05	4.938202e-05
7.480000000000006e-01	2.459116e-05	4.938430e-05
7.490000000000006e-01	2.459116e-05	4.938658e-05
7.500000000000006e-01	2.459116e-05	4.938887e-05
7.510000000000006e-01	2.459116e-05	4.939115e-05
7.520000000000006e-01	2.459116e-05	4.939343e-05
7.530000000000006e-01	2.459116e-05	4.939572e-05
7.540000000000006e-01	2.459116e-05	4.939800e-05
7.550000000000006e-01	2.459116e-05	4.940028e-05
7.560000000000006e-01	2.459116e-05	4.940256e-05
7.570000000000006e-01	2.459116e-05	4.940484e-05
7.580000000000006e-01	2.459116e-05	4.940712e-05
7.590000000000006e-01	2.459116e-05	4.940940e-05
7.600000000000006e-01	2.459116e-05	4.941168e-05
7.610000000000006e-01	2.459116e-05	4.941396e-05
7.620000000000006e-01	2.459116e-05	4.941623e-05
7.630000000000006e-01	2.459116e-05	4.941851e-05
7.640000000000006e-01	2.459116e-05	4.942079e-05
7.650000000000006e-01	2.459116e-05	4.942307e-05
7.660000000000006e-01	2.459116e-05	4.942534e-05
7.670000000000006e-01	2.459116e-05	4.942762e-05
7.680000000000006e-01	2.459116e-05	4.942989e-05
7.690000000000006e-01	2.459116e-05	4.943217e-05
7.700000000000006e-01	2.459116e-05	4.943444e-05
7.710000000000006e-01	2.459116e-05	4.943672e-05
7.720000000000006e-01	2.459116e-05	4.943899e-05
7.730000000000006e-01	2.459116e-05	4.944126e-05
7.740000000000006e-01	2.459116e-05	4.944354e-05
7.750000000000006e-01	2.459116e-05	4.944581e-05
7.760000000000006e-01	2.459116e-05	4.944808e-05
7.770000000000006e-01	2.459116e-05	4.945035e-05
7.780000000000006e-01	2.459116e-05	4.945262e-05
7.790000000000006e-01	2.459116e-05	4.945489e-05
7.800000000000006e-01	2.459116e-05	4.945717e-05
7.810000000000006e-01	2.459116e-05	4.945944e-05
7.820000000000006e-01	2.459116e-05	4.946171e-05
7.830000000000006e-01	2.459116e-05	4.946398e-05
7.840000000000006e-01	2.459116e-05	4.946624e-05
7.850000000000006e-01	2.459116e-05	4.946851e-05
7.860000000000006e-01	2.459116e-05	4.947078e-05
7.870000000000006e-01	2.459116e-05	4.947304e-05
7.880000000000006e-01	2.459116e-05	4.947531e-05
7.890000000000006e-01	2.459116e-05	4.947758e-05
7.900000000000006e-01	2.459116e-05	4.947984e-05
7.910000000000006e-01	2.459116e-05	4.948211e-05
7.920000000000006e-01	2.459116e-05	4.948438e-05
7.930000000000006e-01	2.459116e-05	4.948664e-05
7.940000000000006e-01	2.459116e-05	4.948891e-05
7.950000000000006e-01	2.459116e-05	4.949117e-05
7.960000000000006e-01	2.459116e-05	4.949344e-05
7.970000000000006e-01	2.459116e-05	4.949570e-05
7.980000000000006e-01	2.459116e-05	4.949796e-05
7.990000000000006e-01	2.459116e-05	4.950022e-05
8.000000000000006e-01	2.459116e-05	4.950249e-05
8.010000000000006e-01	2.459116e-05	4.950475e-05
8.020000000000006e-01	2.459116e-05	4.950701e-05
8.030000000000006e-01	2.459116e-05	4.950927e-05
8.040000000000006e-01	2.459116e-05	4.951153e-05
8.050000000000006e-01	2.459116e-05	4.951379e-05
8.060000000000006e-01	2.459116e-05	4.951605e-05
8.070000000000006e-01	2.459116e-05	4.951832e-05
8.080000000000006e-01	2.459116e-05	4.952057e-05
8.090000000000006e-01	2.459116e-05	4.952283e-05
8.100000000000006e-01	2.459116e-05	4.952509e-05
8.110000000000006e-01	2.459116e-05	4.952735e-05
8.120000000000006e-01	2.459116e-05	4.952961e-05
8.130000000000006e-01	2.459116e-05	4.953187e-05
8.140000000000006e-01	2.459116e-05	4.953412e-05
8.150000000000006e-01	2.459116e-05	4.953638e-05
8.160000000000006e-01	2.459116e-05	4.953864e-05
8.170000000000006e-01	2.459116e-05	4.954089e-05
8.180000000000006e-01	2.459116e-05	4.954315e-05
8.190000000000006e-01	2.459116e-05	4.954540e-05
8.200000000000006e-01	2.459116e-05	4.954766e-05
8.210000000000006e-01	2.459116e-05	4.954992e-05
8.220000000000006e-01	2.459116e-05	4.955217e-05
8.230000000000006e-01	2.459116e-05	4.955443e-05
8.240000000000006e-01	2.459116e-05	4.955668e-05
8.250000000000006e-01	2.459116e-05	4.955893e-05
8.260000000000006e-01	2.459116e-05	4.956119e-05
8.270000000000006e-01	2.459116e-05	4.956344e-05
8.280000000000006e-01	2.459116e-05	4.956569e-05
8.290000000000006e-01	2.459116e-05	4.956795e-05
8.300000000000006e-01	2.459116e-05	4.957020e-05
8.310000000000006e-01	2.459116e-05	4.957245e-05
8.320000000000006e-01	2.459116e-05	4.957470e-05
8.330000000000006e-01	2.459116e-05	4.957695e-05
8.340000000000006e-01	2.459116e-05	4.957920e-05
8.350000000000006e-01	2.459116e-05	4.958145e-05
8.360000000000006e-01	2.459116e-05	4.958370e-05
8.370000000000006e-01	2.459116e-05	4.958595e-05
8.380000000000006e-01	2.459116e-05	4.958821e-05
8.390000000000006e-01	2.459116e-05	4.959045e-05
8.400000000000006e-01	2.459116e-05	4.959270e-05
8.410000000000006e-01	2.459116e-05	4.959495e-05
8.420000000000006e-01	2.459116e-05	4.959720e-05
8.430000000000006e-01	2.459116e-05	4.959945e-05
8.440000000000006e-01	2.459116e-05	4.960169e-05
8.450000000000006e-01	2.459116e-05	4.960394e-05
8.460000000000006e-01	2.459116e-05	4.960619e-05
8.470000000000006e-01	2.459116e-05	4.960844e-05
8.480000000000006e-01	2.459116e-05	4.961068e-05
8.490000000000006e-01	2.459116e-05	4.961293e-05
8.500000000000006e-01	2.459116e-05	4.961518e-05
8.510000000000006e-01	2.459116e-05	4.961742e-05
8.520000000000006e-01	2.459116e-05	4.961967e-05
8.530000000000006e-01	2.459116e-05	4.962191e-05
8.540000000000006e-01	2.459116e-05	4.962416e-05
8.550000000000006e-01	2.459116e-05	4.962640e-05
8.560000000000006e-01	2.459116e-05	4.962865e-05
8.570000000000007e-01	2.459116e-05	4.963089e-05
8.580000000000007e-01	2.459116e-05	4.963314e-05
8.590000000000007e-01	2.459116e-05	4.963538e-05
8.600000000000007e-01	2.459116e-05	4.963762e-05
8.610000000000007e-01	2.459116e-05	4.963987e-05
8.620000000000007e-01	2.459116e-05	4.964211e-05
8.630000000000007e-01	2.459116e-05	4.964435e-05
8.640000000000007e-01	2.459116e-05	4.964659e-05
8.650000000000007e-01	2.459116e-05	4.964884e-05
8.660000000000007e-01	2.459116e-05	4.965108e-05
8.670000000000007e-01	2.459116e-05	4.965332e-05
8.680000000000007e-01	2.459116e-05	4.965556e-05
8.690000000000007e-01	2.459116e-05	4.965780e-05
8.700000000000007e-01	2.459116e-05	4.966004e-05
8.710000000000007e-01	2.459116e-05	4.966229e-05
8.720000000000007e-01	2.459116e-05	4.966452e-05
8.730000000000007e-01	2.459116e-05	4.966676e-05
8.740000000000007e-01	2.459116e-05	4.966900e-05
8.750000000000007e-01	2.459116e-05	4.967124e-05
8.760000000000007e-01	2.459116e-05	4.967348e-05
8.770000000000007e-01	2.459116e-05	4.967572e-05
8.780000000000007e-01	2.459116e-05	4.967796e-05
8.790000000000007e-01	2.459116e-05	4.968020e-05
8.800000000000007e-01	2.459116e-05	4.968244e-05
8.810000000000007e-01	2.459116e-05	4.968468e-05
8.820000000000007e-01	2.459116e-05	4.968691e-05
8.830000000000007e-01	2.459116e-05	4.968915e-05
8.840000000000007e-01	2.459116e-05	4.969139e-05
8.850000000000007e-01	2.459116e-05	4.969363e-05
8.860000000000007e-01	2.459116e-05	4.969586e-05
8.870000000000007e-01	2.459116e-05	4.969810e-05
8.880000000000007e-01	2.459116e-05	4.970033e-05
8.890000000000007e-01	2.459116e-05	4.970257e-05
8.900000000000007e-01	2.459116e-05	4.970481e-05
8.910000000000007e-01	2.459116e-05	4.970704e-05
8.920000000000007e-01	2.459116e-05	4.970928e-05
8.930000000000007e-01	2.459116e-05	4.971151e-05
8.940000000000007e-01	2.459116e-05	4.971375e-05
8.950000000000007e-01	2.459116e-05	4.971598e-05
8.960000000000007e-01	2.459116e-05	4.971822e-05
8.970000000000007e-01	2.459116e-05	4.972045e-05
8.980000000000007e-01	2.459116e-05	4.972269e-05
8.990000000000007e-01	2.459116e-05	4.972492e-05
9.000000000000007e-01	2.459116e-05	4.972715e-05
9.010000000000007e-01	2.459116e-05	4.972939e-05
9.020000000000007e-01	2.459116e-05	4.973162e-05
9.030000000000007e-01	2.459116e-05	4.973385e-05
9.040000000000007e-01	2.459116e-05	4.973609e-05
9.050000000000007e-01	2.459116e-05	4.973832e-05
9.060000000000007e-01	2.459116e-05	4.974055e-05
9.070000000000007e-01	2.459116e-05	4.974278e-05
9.080000000000007e-01	2.459116e-05	4.974502e-05
9.090000000000007e-01	2.459116e-05	4.974725e-05
9.100000000000007e-01	2.459116e-05	4.974948e-05
9.110000000000007e-01	2.459116e-05	4.975171e-05
9.120000000000007e-01	2.459116e-05	4.975394e-05
9.130000000000007e-01	2.459116e-05	4.975617e-05
9.140000000000007e-01	2.459116e-05	4.975840e-05
9.150000000000007e-01	2.459116e-05	4.976063e-05
9.160000000000007e-01	2.459116e-05	4.976286e-05
9.170000000000007e-01	2.459116e-05	4.976509e-05
9.180000000000007e-01	2.459116e-05	4.976732e-05
9.190000000000007e-01	2.459116e-05	4.976955e-05
9.200000000000007e-01	2.459116e-05	4.977178e-05
9.210000000000007e-01	2.459116e-05	4.977401e-05
9.220000000000007e-01	2.459116e-05	4.977624e-05
9.230000000000007e-01	2.459116e-05	4.977847e-05
9.240000000000007e-01	2.459116e-05	4.978070e-05
9.250000000000007e-01	2.459116e-05	4.978293e-05
9.260000000000007e-01	2.459116e-05	4.978515e-05
9.270000000000007e-01	2.459116e-05	4.978738e-05
9.280000000000007e-01	2.459116e-05	4.978961e-05
9.290000000000007e-01	2.459116e-05	4.979184e-05
9.300000000000007e-01	2.459116e-05	4.979407e-05
9.310000000000007e-01	2.459116e-05	4.979629e-05
9.320000000000007e-01	2.459116e-05	4.979852e-05
9.330000000000007e-01	2.459116e-05	4.980075e-05
9.340000000000007e-01	2.459116e-05	4.980297e-05
9.350000000000007e-01	2.459116e-05	4.980520e-05
9.360000000000007e-01	2.459116e-05	4.980743e-05
9.370000000000007e-01	2.459116e-05	4.980965e-05
9.380000000000007e-01	2.459116e-05	4.981188e-05
9.390000000000007e-01	2.459116e-05	4.981411e-05
9.400000000000007e-01	2.459116e-05	4.981633e-05
9.410000000000007e-01	2.459116e-05	4.981855e-05
9.420000000000007e-01	2.459116e-05	4.982078e-05
9.430000000000007e-01	2.459116e-05	4.982301e-05
9.440000000000007e-01	2.459116e-05	4.982523e-05
9.450000000000007e-01	2.459116e-05	4.982746e-05
9.460000000000007e-01	2.459116e-05	4.982968e-05
9.470000000000007e-01	2.459116e-05	4.983191e-05
9.480000000000007e-01	2.459116e-05	4.983413e-05
9.490000000000007e-01	2.459116e-05	4.983636e-05
9.500000000000007e-01	2.459116e-05	4.983858e-05
9.510000000000007e-01	2.459116e-05	4.984080e-05
9.520000000000007e-01	2.459116e-05	4.984302e-05
9.530000000000007e-01	2.459116e-05	4.984525e-05
9.540000000000007e-01	2.459116e-05	4.984747e-05
9.550000000000007e-01	2.459116e-05	4.984970e-05
9.560000000000007e-01	2.459116e-05	4.985192e-05
9.570000000000007e-01	2.459116e-05	4.985414e-05
9.580000000000007e-01	2.459116e-05	4.985636e-05
9.590000000000007e-01	2.459116e-05	4.985858e-05
9.600000000000007e-01	2.459116e-05	4.986081e-05
9.610000000000007e-01	2.459116e-05	4.986303e-05
9.620000000000007e-01	2.459116e-05	4.986525e-05
9.630000000000007e-01	2.459116e-05	4.986747e-05
9.640000000000007e-01	2.459116e-05	4.986969e-05
9.650000000000007e-01	2.459116e-05	4.987192e-05
9.660000000000007e-01	2.459116e-05	4.987414e-05
9.670000000000007e-01	2.459116e-05	4.987636e-05
9.680000000000007e-01	2.459116e-05	4.987858e-05
9.690000000000007e-01	2.459116e-05	4.988080e-05
9.700000000000008e-01	2.459116e-05	4.988302e-05
9.710000000000008e-01	2.459116e-05	4.988524e-05
9.720000000000008e-01	2.459116e-05	4.988746e-05
9.730000000000008e-01	2.459116e-05	4.988968e-05
9.740000000000008e-01	2.459116e-05	4.989190e-05
9.750000000000008e-01	2.459116e-05	4.989412e-05
9.760000000000008e-01	2.459116e-05	4.989634e-05
9.770000000000008e-01	2.459116e-05	4.989856e-05
9.780000000000008e-01	2.459116e-05	4.990078e-05
9.790000000000008e-01	2.459116e-05	4.990300e-05
9.800000000000008e-01	2.459116e-05	4.990522e-05
9.810000000000008e-01	2.459116e-05	4.990744e-05
9.820000000000008e-01	2.459116e-05	4.990966e-05
9.830000000000008e-01	2.459116e-05	4.991188e-05
9.840000000000008e-01	2.459116e-05	4.991410e-05
9.850000000000008e-01	2.459116e-05	4.991631e-05
9.860000000000008e-01	2.459116e-05	4.991853e-05
9.870000000000008e-01	2.459116e-05	4.992075e-05
9.880000000000008e-01	2.459116e-05	4.992297e-05
9.890000000000008e-01	2.459116e-05	4.992518e-05
9.900000000000008e-01	2.459116e-05	4.992740e-05
9.910000000000008e-01	2.459116e-05	4.992962e-05
9.920000000000008e-01	2.459116e-05	4.993184e-05
9.930000000000008e-01	2.459116e-05	4.993405e-05
9.940000000000008e-01	2.459116e-05	4.993627e-05
9.950000000000008e-01	2.459116e-05	4.993849e-05
9.960000000000008e-01	2.459116e-05	4.994071e-05
9.970000000000008e-01	2.459116e-05	4.994292e-05
9.980000000000008e-01	2.459116e-05	4.994514e-05
9.990000000000008e-01	2.459116e-05	4.994735e-05
1.000000000000001e+00	2.459116e-05	4.994957e-05
1.001000000000001e+00	2.459116e-05	4.995179e-05
1.002000000000000e+00	2.459116e-05	4.995400e-05
1.003000000000000e+00	2.459116e-05	4.995622e-05
1.004000000000000e+00	2.459116e-05	4.995843e-05
1.005000000000000e+00	2.459116e-05	4.996065e-05
1.006000000000000e+00	2.459116e-05	4.996287e-05
1.007000000000000e+00	2.459116e-05	4.996508e-05
1.008000000000000e+00	2.459116e-05	4.996730e-05
1.009000000000000e+00	2.459116e-05	4.996951e-05
1.010000000000000e+00	2.459116e-05	4.997173e-05
1.010999999999999e+00	2.459116e-05	4.997394e-05
1.011999999999999e+00	2.459116e-05	4.997616e-05
1.012999999999999e+00	2.459116e-05	4.997837e-05
1.013999999999999e+00	2.459116e-05	4.998059e-05
1.014999999999999e+00	2.459116e-05	4.998280e-05
1.015999999999999e+00	2.459116e-05	4.998501e-05
1.016999999999999e+00	2.459116e-05	4.998723e-05
1.017999999999999e+00	2.459116e-05	4.998944e-05
1.018999999999999e+00	2.459116e-05	4.999166e-05
1.019999999999998e+00	2.459116e-05	4.999387e-05
1.020999999999998e+00	2.459116e-05	4.999608e-05
1.021999999999998e+00	2.459116e-05	4.999830e-05
1.022999999999998e+00	2.459116e-05	5.000051e-05
1.023999999999998e+00	2.459116e-05	5.000272e-05
1.024999999999998e+00	2.459116e-05	5.000494e-05
1.025999999999998e+00	2.459116e-05	5.000715e-05
1.026999999999998e+00	2.459116e-05	5.000936e-05
1.027999999999998e+00	2.459116e-05	5.001158e-05
1.028999999999997e+00	2.459116e-05	5.001379e-05
1.029999999999997e+00	2.459116e-05	5.001600e-05
1.030999999999997e+00	2.459116e-05	5.001821e-05
1.031999999999997e+00	2.459116e-05	5.002043e-05
1.032999999999997e+00	2.459116e-05	5.002264e-05
1.033999999999997e+00	2.459116e-05	5.002485e-05
1.034999999999997e+00	2.459116e-05	5.002707e-05
1.035999999999997e+00	2.459116e-05	5.002928e-05
1.036999999999997e+00	2.459116e-05	5.003149e-05
1.037999999999996e+00	2.459116e-05	5.003370e-05
1.038999999999996e+00	2.459116e-05	5.003591e-05
1.039999999999996e+00	2.459116e-05	5.003812e-05
1.040999999999996e+00	2.459116e-05	5.004033e-05
1.041999999999996e+00	2.459116e-05	5.004254e-05
1.042999999999996e+00	2.459116e-05	5.004476e-05
1.043999999999996e+00	2.459116e-05	5.004697e-05
1.044999999999996e+00	2.459116e-05	5.004918e-05
1.045999999999996e+00	2.459116e-05	5.005139e-05
1.046999999999995e+00	2.459116e-05	5.005360e-05
1.047999999999995e+00	2.459116e-05	5.005581e-05
1.048999999999995e+00	2.459116e-05	5.005802e-05
1.049999999999995e+00	2.459116e-05	5.006023e-05
1.050999999999995e+00	2.459116e-05	5.006244e-05
1.051999999999995e+00	2.459116e-05	5.006465e-05
1.052999999999995e+00	2.459116e-05	5.006686e-05
1.053999999999995e+00	2.459116e-05	5.006907e-05
1.054999999999995e+00	2.459116e-05	5.007128e-05
1.055999999999994e+00	2.459116e-05	5.007349e-05
1.056999999999994e+00	2.459116e-05	5.007571e-05
1.057999999999994e+00	2.459116e-05	5.007791e-05
1.058999999999994e+00	2.459116e-05	5.008012e-05
1.059999999999994e+00	2.459116e-05	5.008233e-05
1.060999999999994e+00	2.459116e-05	5.008454e-05
1.061999999999994e+00	2.459116e-05	5.008675e-05
1.062999999999994e+00	2.459116e-05	5.008896e-05
1.063999999999994e+00	2.459116e-05	5.009117e-05
1.064999999999994e+00	2.459116e-05	5.009338e-05
1.065999999999993e+00	2.459116e-05	5.009559e-05
1.066999999999993e+00	2.459116e-05	5.009780e-05
1.067999999999993e+00	2.459116e-05	5.010001e-05
1.068999999999993e+00	2.459116e-05	5.010222e-05
1.069999999999993e+00	2.459116e-05	5.010442e-05
1.070999999999993e+00	2.459116e-05	5.010663e-05
1.071999999999993e+00	2.459116e-05	5.010884e-05
1.072999999999993e+00	2.459116e-05	5.011105e-05
1.073999999999993e+00	2.459116e-05	5.011326e-05
1.074999999999992e+00	2.459116e-05	5.011546e-05
1.075999999999992e+00	2.459116e-05	5.011767e-05
1.076999999999992e+00	2.459116e-05	5.011988e-05
1.077999999999992e+00	2.459116e-05	5.012209e-05
1.078999999999992e+00	2.459116e-05	5.012430e-05
1.079999999999992e+00	2.459116e-05	5.012651e-05
1.080999999999992e+00	2.459116e-05	5.012871e-05
1.081999999999992e+00	2.459116e-05	5.013092e-05
1.082999999999992e+00	2.459116e-05	5.013313e-05
1.083999999999991e+00	2.459116e-05	5.013534e-05
1.084999999999991e+00	2.459116e-05	5.013754e-05
1.085999999999991e+00	2.459116e-05	5.013975e-05
1.086999999999991e+00	2.459116e-05	5.014196e-05
1.087999999999991e+00	2.459116e-05	5.014416e-05
1.088999999999991e+00	2.459116e-05	5.014637e-05
1.089999999999991e+00	2.459116e-05	5.014858e-05
1.090999999999991e+00	2.459116e-05	5.015079e-05
1.091999999999991e+00	2.459116e-05	5.015299e-05
1.092999999999990e+00	2.459116e-05	5.015520e-05
1.093999999999990e+00	2.459116e-05	5.015741e-05
1.094999999999990e+00	2.459116e-05	5.015962e-05
1.095999999999990e+00	2.459116e-05	5.016182e-05
1.096999999999990e+00	2.459116e-05	5.016403e-05
1.097999999999990e+00	2.459116e-05	5.016624e-05
1.098999999999990e+00	2.459116e-05	5.016844e-05
1.099999999999990e+00	2.459116e-05	5.017065e-05
1.100999999999990e+00	2.459116e-05	5.017285e-05
1.101999999999989e+00	2.459116e-05	5.017506e-05
1.102999999999989e+00	2.459116e-05	5.017727e-05
1.103999999999989e+00	2.459116e-05	5.017947e-05
1.104999999999989e+00	2.459116e-05	5.018168e-05
1.105999999999989e+00	2.459116e-05	5.018388e-05
1.106999999999989e+00	2.459116e-05	5.018609e-05
1.107999999999989e+00	2.459116e-05	5.018830e-05
1.108999999999989e+00	2.459116e-05	5.019050e-05
1.109999999999989e+00	2.459116e-05	5.019271e-05
1.110999999999988e+00	2.459116e-05	5.019491e-05
1.111999999999988e+00	2.459116e-05	5.019712e-05
1.112999999999988e+00	2.459116e-05	5.019932e-05
1.113999999999988e+00	2.459116e-05	5.020153e-05
1.114999999999988e+00	2.459116e-05	5.020374e-05
1.115999999999988e+00	2.459116e-05	5.020594e-05
1.116999999999988e+00	2.459116e-05	5.020815e-05
1.117999999999988e+00	2.459116e-05	5.021035e-05
1.118999999999988e+00	2.459116e-05	5.021256e-05
1.119999999999987e+00	2.459116e-05	5.021476e-05
1.120999999999987e+00	2.459116e-05	5.021697e-05
1.121999999999987e+00	2.459116e-05	5.021917e-05
1.122999999999987e+00	2.459116e-05	5.022138e-05
1.123999999999987e+00	2.459116e-05	5.022359e-05
1.124999999999987e+00	2.459116e-05	5.022579e-05
1.125999999999987e+00	2.459116e-05	5.022799e-05
1.126999999999987e+00	2.459116e-05	5.023020e-05
1.127999999999987e+00	2.459116e-05	5.023240e-05
1.128999999999986e+00	2.459116e-05	5.023461e-05
1.129999999999986e+00	2.459116e-05	5.023681e-05
1.130999999999986e+00	2.459116e-05	5.023902e-05
1.131999999999986e+00	2.459116e-05	5.024122e-05
1.132999999999986e+00	2.459116e-05	5.024343e-05
1.133999999999986e+00	2.459116e-05	5.024563e-05
1.134999999999986e+00	2.459116e-05	5.024784e-05
1.135999999999986e+00	2.459116e-05	5.025004e-05
1.136999999999986e+00	2.459116e-05	5.025225e-05
1.137999999999985e+00	2.459116e-05	5.025445e-05
1.138999999999985e+00	2.459116e-05	5.025665e-05
1.139999999999985e+00	2.459116e-05	5.025886e-05
1.140999999999985e+00	2.459116e-05	5.026106e-05
1.141999999999985e+00	2.459116e-05	5.026327e-05
1.142999999999985e+00	2.459116e-05	5.026547e-05
1.143999999999985e+00	2.459116e-05	5.026768e-05
1.144999999999985e+00	2.459116e-05	5.026988e-05
1.145999999999985e+00	2.459116e-05	5.027208e-05
1.146999999999984e+00	2.459116e-05	5.027429e-05
1.147999999999984e+00	2.459116e-05	5.027649e-05
1.148999999999984e+00	2.459116e-05	5.027870e-05
1.149999999999984e+00	2.459116e-05	5.028090e-05
1.150999999999984e+00	2.459116e-05	5.028311e-05
1.151999999999984e+00	2.459116e-05	5.028531e-05
1.152999999999984e+00	2.459116e-05	5.028752e-05
1.153999999999984e+00	2.459116e-05	5.028972e-05
1.154999999999984e+00	2.459116e-05	5.029192e-05
1.155999999999983e+00	2.459116e-05	5.029413e-05
1.156999999999983e+00	2.459116e-05	5.029633e-05
1.157999999999983e+00	2.459116e-05	5.029853e-05
1.158999999999983e+00	2.459116e-05	5.030074e-05
1.159999999999983e+00	2.459116e-05	5.030294e-05
1.160999999999983e+00	2.459116e-05	5.030515e-05
1.161999999999983e+00	2.459116e-05	5.030735e-05
1.162999999999983e+00	2.459116e-05	5.030955e-05
1.163999999999983e+00	2.459116e-05	5.031176e-05
1.164999999999982e+00	2.459116e-05	5.031396e-05
1.165999999999982e+00	2.459116e-05	5.031616e-05
1.166999999999982e+00	2.459116e-05	5.031837e-05
1.167999999999982e+00	2.459116e-05	5.032057e-05
1.168999999999982e+00	2.459116e-05	5.032278e-05
1.169999999999982e+00	2.459116e-05	5.032498e-05
1.170999999999982e+00	2.459116e-05	5.032718e-05
1.171999999999982e+00	2.459116e-05	5.032939e-05
1.172999999999982e+00	2.459116e-05	5.033159e-05
1.173999999999982e+00	2.459116e-05	5.033380e-05
1.174999999999981e+00	2.459116e-05	5.033600e-05
1.175999999999981e+00	2.459116e-05	5.033820e-05
1.176999999999981e+00	2.459116e-05	5.034041e-05
1.177999999999981e+00	2.459116e-05	5.034261e-05
1.178999999999981e+00	2.459116e-05	5.034482e-05
1.179999999999981e+00	2.459116e-05	5.034702e-05
1.180999999999981e+00	2.459116e-05	5.034922e-05
1.181999999999981e+00	2.459116e-05	5.035143e-05
1.182999999999981e+00	2.459116e-05	5.035363e-05
1.183999999999980e+00	2.459116e-05	5.035584e-05
1.184999999999980e+00	2.459116e-05	5.035804e-05
1.185999999999980e+00	2.459116e-05	5.036025e-05
1.186999999999980e+00	2.459116e-05	5.036245e-05
1.187999999999980e+00	2.459116e-05	5.036465e-05
1.188999999999980e+00	2.459116e-05	5.036686e-05
1.189999999999980e+00	2.459116e-05	5.036906e-05
1.190999999999980e+00	2.459116e-05	5.037127e-05
1.191999999999980e+00	2.459116e-05	5.037347e-05
1.192999999999979e+00	2.459116e-05	5.037567e-05
1.193999999999979e+00	2.459116e-05	5.037788e-05
1.194999999999979e+00	2.459116e-05	5.038008e-05
1.195999999999979e+00	2.459116e-05	5.038229e-05
1.196999999999979e+00	2.459116e-05	5.038449e-05
1.197999999999979e+00	2.459116e-05	5.038669e-05
1.198999999999979e+00	2.459116e-05	5.038890e-05
1.199999999999979e+00	2.459116e-05	5.039110e-05
1.200999999999979e+00	2.459116e-05	5.039331e-05
1.201999999999978e+00	2.459116e-05	5.039551e-05
1.202999999999978e+00	2.459116e-05	5.039772e-05
1.203999999999978e+00	2.459116e-05	5.039992e-05
1.204999999999978e+00	2.459116e-05	5.040213e-05
1.205999999999978e+00	2.459116e-05	5.040433e-05
1.206999999999978e+00	2.459116e-05	5.040654e-05
1.207999999999978e+00	2.459116e-05	5.040874e-05
1.208999999999978e+00	2.459116e-05	5.041095e-05
1.209999999999978e+00	2.459116e-05	5.041315e-05
1.210999999999977e+00	2.459116e-05	5.041536e-05
1.211999999999977e+00	2.459116e-05	5.041756e-05
1.212999999999977e+00	2.459116e-05	5.041977e-05
1.213999999999977e+00	2.459116e-05	5.042197e-05
1.214999999999977e+00	2.459116e-05	5.042418e-05
1.215999999999977e+00	2.459116e-05	5.042638e-05
1.216999999999977e+00	2.459116e-05	5.042859e-05
1.217999999999977e+00	2.459116e-05	5.043079e-05
1.218999999999977e+00	2.459116e-05	5.043300e-05
1.219999999999976e+00	2.459116e-05	5.043521e-05
1.220999999999976e+00	2.459116e-05	5.043741e-05
1.221999999999976e+00	2.459116e-05	5.043962e-05
1.222999999999976e+00	2.459116e-05	5.044182e-05
1.223999999999976e+00	2.459116e-05	5.044403e-05
1.224999999999976e+00	2.459116e-05	5.044623e-05
1.225999999999976e+00	2.459116e-05	5.044844e-05
1.226999999999976e+00	2.459116e-05	5.045065e-05
1.227999999999976e+00	2.459116e-05	5.045285e-05
1.228999999999975e+00	2.459116e-05	5.045506e-05
1.229999999999975e+00	2.459116e-05	5.045727e-05
1.230999999999975e+00	2.459116e-05	5.045947e-05
1.231999999999975e+00	2.459116e-05	5.046168e-05
1.232999999999975e+00	2.459116e-05	5.046388e-05
1.233999999999975e+00	2.459116e-05	5.046609e-05
1.234999999999975e+00	2.459116e-05	5.046830e-05
1.235999999999975e+00	2.459116e-05	5.047051e-05
1.236999999999975e+00	2.459116e-05	5.047271e-05
1.237999999999974e+00	2.459116e-05	5.047492e-05
1.238999999999974e+00	2.459116e-05	5.047713e-05
1.239999999999974e+00	2.459116e-05	5.047934e-05
1.240999999999974e+00	2.459116e-05	5.048154e-05
1.241999999999974e+00	2.459116e-05	5.048375e-05
1.242999999999974e+00	2.459116e-05	5.048596e-05
1.243999999999974e+00	2.459116e-05	5.048817e-05
1.244999999999974e+00	2.459116e-05	5.049038e-05
1.245999999999974e+00	2.459116e-05	5.049258e-05
1.246999999999973e+00	2.459116e-05	5.049479e-05
1.247999999999973e+00	2.459116e-05	5.049700e-05
1.248999999999973e+00	2.459116e-05	5.049921e-05
1.249999999999973e+00	2.459116e-05	5.050142e-05
1.250999999999973e+00	2.459116e-05	5.050363e-05
1.251999999999973e+00	2.459116e-05	5.050584e-05
1.252999999999973e+00	2.459116e-05	5.050805e-05
1.253999999999973e+00	2.459116e-05	5.051026e-05
1.254999999999973e+00	2.459116e-05	5.051247e-05
1.255999999999972e+00	2.459116e-05	5.051468e-05
1.256999999999972e+00	2.459116e-05	5.051689e-05
1.257999999999972e+00	2.459116e-05	5.051910e-05
1.258999999999972e+00	2.459116e-05	5.052131e-05
1.259999999999972e+00	2.459116e-05	5.052352e-05
1.260999999999972e+00	2.459116e-05	5.052573e-05
1.261999999999972e+00	2.459116e-05	5.052794e-05
1.262999999999972e+00	2.459116e-05	5.053015e-05
1.263999999999972e+00	2.459116e-05	5.053236e-05
1.264999999999971e+00	2.459116e-05	5.053457e-05
1.265999999999971e+00	2.459116e-05	5.053679e-05
1.266999999999971e+00	2.459116e-05	5.053900e-05
1.267999999999971e+00	2.459116e-05	5.054121e-05
1.268999999999971e+00	2.459116e-05	5.054342e-05
1.269999999999971e+00	2.459116e-05	5.054563e-05
1.270999999999971e+00	2.459116e-05	5.054785e-05
1.271999999999971e+00	2.459116e-05	5.055006e-05
1.272999999999971e+00	2.459116e-05	5.055227e-05
1.273999999999970e+00	2.459116e-05	5.055448e-05
1.274999999999970e+00	2.459116e-05	5.055670e-05
1.275999999999970e+00	2.459116e-05	5.055891e-05
1.276999999999970e+00	2.459116e-05	5.056112e-05
1.277999999999970e+00	2.459116e-05	5.056334e-05
1.278999999999970e+00	2.459116e-05	5.056556e-05
1.279999999999970e+00	2.459116e-05	5.056777e-05
1.280999999999970e+00	2.459116e-05	5.056998e-05
1.281999999999970e+00	2.459116e-05	5.057220e-05
1.282999999999969e+00	2.459116e-05	5.057441e-05
1.283999999999969e+00	2.459116e-05	5.057663e-05
1.284999999999969e+00	2.459116e-05	5.057884e-05
1.285999999999969e+00	2.459116e-05	5.058106e-05
1.286999999999969e+00	2.459116e-05	5.058328e-05
1.287999999999969e+00	2.459116e-05	5.058550e-05
1.288999999999969e+00	2.459116e-05	5.058771e-05
1.289999999999969e+00	2.459116e-05	5.058993e-05
1.290999999999969e+00	2.459116e-05	5.059215e-05
1.291999999999969e+00	2.459116e-05	5.059436e-05
1.292999999999968e+00	2.459116e-05	5.059658e-05
1.293999999999968e+00	2.459116e-05	5.059880e-05
1.294999999999968e+00	2.459116e-05	5.060102e-05
1.295999999999968e+00	2.459116e-05	5.060324e-05
1.296999999999968e+00	2.459116e-05	5.060546e-05
1.297999999999968e+00	2.459116e-05	5.060768e-05
1.298999999999968e+00	2.459116e-05	5.060989e-05
1.299999999999968e+00	2.459116e-05	5.061211e-05
1.300999999999968e+00	2.459116e-05	5.061433e-05
1.301999999999967e+00	2.459116e-05	5.061656e-05
1.302999999999967e+00	2.459116e-05	5.061878e-05
1.303999999999967e+00	2.459116e-05	5.062100e-05
1.304999999999967e+00	2.459116e-05	5.062322e-05
1.305999999999967e+00	2.459116e-05	5.062544e-05
1.306999999999967e+00	2.459116e-05	5.062766e-05
1.307999999999967e+00	2.459116e-05	5.062989e-05
1.308999999999967e+00	2.459116e-05	5.063211e-05
1.309999999999967e+00	2.459116e-05	5.063433e-05
1.310999999999966e+00	2.459116e-05	5.063656e-05
1.311999999999966e+00	2.459116e-05	5.063878e-05
1.312999999999966e+00	2.459116e-05	5.064101e-05
1.313999999999966e+00	2.459116e-05	5.064323e-05
1.314999999999966e+00	2.459116e-05	5.064546e-05
1.315999999999966e+00	2.459116e-05	5.064768e-05
1.316999999999966e+00	2.459116e-05	5.064991e-05
1.317999999999966e+00	2.459116e-05	5.065213e-05
1.318999999999966e+00	2.459116e-05	5.065436e-05
1.319999999999965e+00	2.459116e-05	5.065659e-05
1.320999999999965e+00	2.459116e-05	5.065881e-05
1.321999999999965e+00	2.459116e-05	5.066104e-05
1.322999999999965e+00	2.459116e-05	5.066327e-05
1.323999999999965e+00	2.459116e-05	5.066550e-05
1.324999999999965e+00	2.459116e-05	5.066773e-05
1.325999999999965e+00	2.459116e-05	5.066996e-05
1.326999999999965e+00	2.459116e-05	5.067219e-05
1.327999999999965e+00	2.459116e-05	5.067442e-05
1.328999999999964e+00	2.459116e-05	5.067665e-05
1.329999999999964e+00	2.459116e-05	5.067888e-05
1.330999999999964e+00	2.459116e-05	5.068112e-05
1.331999999999964e+00	2.459116e-05	5.068335e-05
1.332999999999964e+00	2.459116e-05	5.068558e-05
1.333999999999964e+00	2.459116e-05	5.068781e-05
1.334999999999964e+00	2.459116e-05	5.069005e-05
1.335999999999964e+00	2.459116e-05	5.069228e-05
1.336999999999964e+00	2.459116e-05	5.069452e-05
1.337999999999963e+00	2.459116e-05	5.069676e-05
1.338999999999963e+00	2.459116e-05	5.069899e-05
1.339999999999963e+00	2.459116e-05	5.070123e-05
1.340999999999963e+00	2.459116e-05	5.070346e-05
1.341999999999963e+00	2.459116e-05	5.070570e-05
1.342999999999963e+00	2.459116e-05	5.070794e-05
1.343999999999963e+00	2.459116e-05	5.071018e-05
1.344999999999963e+00	2.459116e-05	5.071242e-05
1.345999999999963e+00	2.459116e-05	5.071466e-05
1.346999999999962e+00	2.459116e-05	5.071690e-05
1.347999999999962e+00	2.459116e-05	5.071914e-05
1.348999999999962e+00	2.459116e-05	5.072138e-05
1.349999999999962e+00	2.459116e-05	5.072362e-05
1.350999999999962e+00	2.459116e-05	5.072586e-05
1.351999999999962e+00	2.459116e-05	5.072811e-05
1.352999999999962e+00	2.459116e-05	5.073035e-05
1.353999999999962e+00	2.459116e-05	5.073260e-05
1.354999999999962e+00	2.459116e-05	5.073484e-05
1.355999999999961e+00	2.459116e-05	5.073709e-05
1.356999999999961e+00	2.459116e-05	5.073933e-05
1.357999999999961e+00	2.459116e-05	5.074158e-05
1.358999999999961e+00	2.459116e-05	5.074383e-05
1.359999999999961e+00	2.459116e-05	5.074608e-05
1.360999999999961e+00	2.459116e-05	5.074832e-05
1.361999999999961e+00	2.459116e-05	5.075058e-05
1.362999999999961e+00	2.459116e-05	5.075282e-05
1.363999999999961e+00	2.459116e-05	5.075508e-05
1.364999999999960e+00	2.459116e-05	5.075733e-05
1.365999999999960e+00	2.459116e-05	5.075958e-05
1.366999999999960e+00	2.459116e-05	5.076184e-05
1.367999999999960e+00	2.459116e-05	5.076409e-05
1.368999999999960e+00	2.459116e-05	5.076634e-05
1.369999999999960e+00	2.459116e-05	5.076860e-05
1.370999999999960e+00	2.459116e-05	5.077085e-05
1.371999999999960e+00	2.459116e-05	5.077311e-05
1.372999999999960e+00	2.459116e-05	5.077537e-05
1.373999999999959e+00	2.459116e-05	5.077763e-05
1.374999999999959e+00	2.459116e-05	5.077988e-05
1.375999999999959e+00	2.459116e-05	5.078215e-05
1.376999999999959e+00	2.459116e-05	5.078441e-05
1.377999999999959e+00	2.459116e-05	5.078667e-05
1.378999999999959e+00	2.459116e-05	5.078893e-05
1.379999999999959e+00	2.459116e-05	5.079119e-05
1.380999999999959e+00	2.459116e-05	5.079346e-05
1.381999999999959e+00	2.459116e-05	5.079572e-05
1.382999999999958e+00	2.459116e-05	5.079799e-05
1.383999999999958e+00	2.459116e-05	5.080025e-05
1.384999999999958e+00	2.459116e-05	5.080252e-05
1.385999999999958e+00	2.459116e-05	5.080479e-05
1.386999999999958e+00	2.459116e-05	5.080706e-05
1.387999999999958e+00	2.459116e-05	5.080933e-05
1.388999999999958e+00	2.459116e-05	5.081160e-05
1.389999999999958e+00	2.459116e-05	5.081387e-05
1.390999999999958e+00	2.459116e-05	5.081614e-05
1.391999999999957e+00	2.459116e-05	5.081842e-05
1.392999999999957e+00	2.459116e-05	5.082069e-05
1.393999999999957e+00	2.459116e-05	5.082297e-05
1.394999999999957e+00	2.459116e-05	5.082524e-05
1.395999999999957e+00	2.459116e-05	5.082752e-05
1.396999999999957e+00	2.459116e-05	5.082980e-05
1.397999999999957e+00	2.459116e-05	5.083208e-05
1.398999999999957e+00	2.459116e-05	5.083436e-05
1.399999999999957e+00	2.459116e-05	5.083664e-05
1.400999999999957e+00	2.459116e-05	5.083892e-05
1.401999999999956e+00	2.459116e-05	5.084120e-05
1.402999999999956e+00	2.459116e-05	5.084349e-05
1.403999999999956e+00	2.459116e-05	5.084577e-05
1.404999999999956e+00	2.459116e-05	5.084806e-05
1.405999999999956e+00	2.459116e-05	5.085035e-05
1.406999999999956e+00	2.459116e-05	5.085264e-05
1.407999999999956e+00	2.459116e-05	5.085493e-05
1.408999999999956e+00	2.459116e-05	5.085722e-05
1.409999999999956e+00	2.459116e-05	5.085951e-05
1.410999999999955e+00	2.459116e-05	5.086180e-05
1.411999999999955e+00	2.459116e-05	5.086410e-05
1.412999999999955e+00	2.459116e-05	5.086639e-05
1.413999999999955e+00	2.459116e-05	5.086869e-05
1.414999999999955e+00	2.459116e-05	5.087099e-05
1.415999999999955e+00	2.459116e-05	5.087329e-05
1.416999999999955e+00	2.459116e-05	5.087559e-05
1.417999999999955e+00	2.459116e-05	5.087789e-05
1.418999999999955e+00	2.459116e-05	5.088019e-05
1.419999999999954e+00	2.459116e-05	5.088250e-05
1.420999999999954e+00	2.459116e-05	5.088480e-05
1.421999999999954e+00	2.459116e-05	5.088711e-05
1.422999999999954e+00	2.459116e-05	5.088941e-05
1.423999999999954e+00	2.459116e-05	5.089172e-05
1.424999999999954e+00	2.459116e-05	5.089403e-05
1.425999999999954e+00	2.459116e-05	5.089634e-05
1.426999999999954e+00	2.459116e-05	5.089866e-05
1.427999999999954e+00	2.459116e-05	5.090097e-05
1.428999999999953e+00	2.459116e-05	5.090329e-05
1.429999999999953e+00	2.459116e-05	5.090560e-05
1.430999999999953e+00	2.459116e-05	5.090792e-05
1.431999999999953e+00	2.459116e-05	5.091024e-05
1.432999999999953e+00	2.459116e-05	5.091256e-05
1.433999999999953e+00	2.459116e-05	5.091488e-05
1.434999999999953e+00	2.459116e-05	5.091721e-05
1.435999999999953e+00	2.459116e-05	5.091953e-05
1.436999999999953e+00	2.459116e-05	5.092186e-05
1.437999999999952e+00	2.459116e-05	5.092419e-05
1.438999999999952e+00	2.459116e-05	5.092652e-05
1.439999999999952e+00	2.459116e-05	5.092885e-05
1.440999999999952e+00	2.459116e-05	5.093118e-05
1.441999999999952e+00	2.459116e-05	5.093352e-05
1.442999999999952e+00	2.459116e-05	5.093585e-05
1.443999999999952e+00	2.459116e-05	5.093819e-05
1.444999999999952e+00	2.459116e-05	5.094053e-05
1.445999999999952e+00	2.459116e-05	5.094287e-05
1.446999999999951e+00	2.459116e-05	5.094521e-05
1.447999999999951e+00	2.459116e-05	5.094755e-05
1.448999999999951e+00	2.459116e-05	5.094990e-05
1.449999999999951e+00	2.459116e-05	5.095224e-05
1.450999999999951e+00	2.459116e-05	5.095459e-05
1.451999999999951e+00	2.459116e-05	5.095694e-05
1.452999999999951e+00	2.459116e-05	5.095929e-05
1.453999999999951e+00	2.459116e-05	5.096165e-05
1.454999999999951e+00	2.459116e-05	5.096400e-05
1.455999999999950e+00	2.459116e-05	5.096636e-05
1.456999999999950e+00	2.459116e-05	5.096872e-05
1.457999999999950e+00	2.459116e-05	5.097108e-05
1.458999999999950e+00	2.459116e-05	5.097344e-05
1.459999999999950e+00	2.459116e-05	5.097581e-05
1.460999999999950e+00	2.459116e-05	5.097817e-05
1.461999999999950e+00	2.459116e-05	5.098054e-05
1.462999999999950e+00	2.459116e-05	5.098291e-05
1.463999999999950e+00	2.459116e-05	5.098528e-05
1.464999999999949e+00	2.459116e-05	5.098766e-05
1.465999999999949e+00	2.459116e-05	5.099003e-05
1.466999999999949e+00	2.459116e-05	5.099241e-05
1.467999999999949e+00	2.459116e-05	5.099479e-05
1.468999999999949e+00	2.459116e-05	5.099717e-05
1.469999999999949e+00	2.459116e-05	5.099955e-05
1.470999999999949e+00	2.459116e-05	5.100193e-05
1.471999999999949e+00	2.459116e-05	5.100432e-05
1.472999999999949e+00	2.459116e-05	5.100671e-05
1.473999999999948e+00	2.459116e-05	5.100910e-05
1.474999999999948e+00	2.459116e-05	5.101150e-05
1.475999999999948e+00	2.459116e-05	5.101389e-05
1.476999999999948e+00	2.459116e-05	5.101629e-05
1.477999999999948e+00	2.459116e-05	5.101869e-05
1.478999999999948e+00	2.459116e-05	5.102109e-05
1.479999999999948e+00	2.459116e-05	5.102349e-05
1.480999999999948e+00	2.459116e-05	5.102590e-05
1.481999999999948e+00	2.459116e-05	5.102831e-05
1.482999999999947e+00	2.459116e-05	5.103071e-05
1.483999999999947e+00	2.459116e-05	5.103313e-05
1.484999999999947e+00	2.459116e-05	5.103554e-05
1.485999999999947e+00	2.459116e-05	5.103796e-05
1.486999999999947e+00	2.459116e-05	5.104038e-05
1.487999999999947e+00	2.459116e-05	5.104280e-05
1.488999999999947e+00	2.459116e-05	5.104522e-05
1.489999999999947e+00	2.459116e-05	5.104765e-05
1.490999999999947e+00	2.459116e-05	5.105008e-05
1.491999999999946e+00	2.459116e-05	5.105251e-05
1.492999999999946e+00	2.459116e-05	5.105494e-05
1.493999999999946e+00	2.459116e-05	5.105738e-05
1.494999999999946e+00	2.459116e-05	5.105981e-05
1.495999999999946e+00	2.459116e-05	5.106226e-05
1.496999999999946e+00	2.459116e-05	5.106470e-05
1.497999999999946e+00	2.459116e-05	5.106715e-05
1.498999999999946e+00	2.459116e-05	5.106959e-05
1.499999999999946e+00	2.459116e-05	5.107205e-05
1.500999999999945e+00	2.459116e-05	5.107450e-05
1.501999999999945e+00	2.459116e-05	5.107695e-05
1.502999999999945e+00	2.459116e-05	5.107941e-05
1.503999999999945e+00	2.459116e-05	5.108188e-05
1.504999999999945e+00	2.459116e-05	5.108434e-05
1.505999999999945e+00	2.459116e-05	5.108680e-05
1.506999999999945e+00	2.459116e-05	5.108928e-05
1.507999999999945e+00	2.459116e-05	5.109175e-05
1.508999999999945e+00	2.459116e-05	5.109422e-05
1.509999999999944e+00	2.459116e-05	5.109670e-05
1.510999999999944e+00	2.459116e-05	5.109918e-05
1.511999999999944e+00	2.459116e-05	5.110166e-05
1.512999999999944e+00	2.459116e-05	5.110415e-05
1.513999999999944e+00	2.459116e-05	5.110664e-05
1.514999999999944e+00	2.459116e-05	5.110913e-05
1.515999999999944e+00	2.459116e-05	5.111162e-05
1.516999999999944e+00	2.459116e-05	5.111412e-05
1.517999999999944e+00	2.459116e-05	5.111662e-05
1.518999999999944e+00	2.459116e-05	5.111912e-05
1.519999999999943e+00	2.459116e-05	5.112163e-05
1.520999999999943e+00	2.459116e-05	5.112414e-05
1.521999999999943e+00	2.459116e-05	5.112665e-05
1.522999999999943e+00	2.459116e-05	5.112917e-05
1.523999999999943e+00	2.459116e-05	5.113169e-05
1.524999999999943e+00	2.459116e-05	5.113421e-05
1.525999999999943e+00	2.459116e-05	5.113674e-05
1.526999999999943e+00	2.459116e-05	5.113926e-05
1.527999999999943e+00	2.459116e-05	5.114179e-05
1.528999999999942e+00	2.459116e-05	5.114433e-05
1.529999999999942e+00	2.459116e-05	5.114687e-05
1.530999999999942e+00	2.459116e-05	5.114941e-05
1.531999999999942e+00	2.459116e-05	5.115195e-05
1.532999999999942e+00	2.459116e-05	5.115450e-05
1.533999999999942e+00	2.459116e-05	5.115705e-05
1.534999999999942e+00	2.459116e-05	5.115961e-05
1.535999999999942e+00	2.459116e-05	5.116217e-05
1.536999999999942e+00	2.459116e-05	5.116473e-05
1.537999999999941e+00	2.459116e-05	5.116729e-05
1.538999999999941e+00	2.459116e-05	5.116986e-05
1.539999999999941e+00	2.459116e-05	5.117244e-05
1.540999999999941e+00	2.459116e-05	5.117501e-05
1.541999999999941e+00	2.459116e-05	5.117759e-05
1.542999999999941e+00	2.459116e-05	5.118017e-05
1.543999999999941e+00	2.459116e-05	5.118276e-05
1.544999999999941e+00	2.459116e-05	5.118535e-05
1.545999999999941e+00	2.459116e-05	5.118794e-05
1.546999999999940e+00	2.459116e-05	5.119054e-05
1.547999999999940e+00	2.459116e-05	5.119314e-05
1.548999999999940e+00	2.459116e-05	5.119575e-05
1.549999999999940e+00	2.459116e-05	5.119836e-05
1.550999999999940e+00	2.459116e-05	5.120097e-05
1.551999999999940e+00	2.459116e-05	5.120359e-05
1.552999999999940e+00	2.459116e-05	5.120621e-05
1.553999999999940e+00	2.459116e-05	5.120883e-05
1.554999999999940e+00	2.459116e-05	5.121146e-05
1.555999999999939e+00	2.459116e-05	5.121409e-05
1.556999999999939e+00	2.459116e-05	5.121673e-05
1.557999999999939e+00	2.459116e-05	5.121937e-05
1.558999999999939e+00	2.459116e-05	5.122202e-05
1.559999999999939e+00	2.459116e-05	5.122467e-05
1.560999999999939e+00	2.459116e-05	5.122732e-05
1.561999999999939e+00	2.459116e-05	5.122998e-05
1.562999999999939e+00	2.459116e-05	5.123264e-05
1.563999999999939e+00	2.459116e-05	5.123531e-05
1.564999999999938e+00	2.459116e-05	5.123798e-05
1.565999999999938e+00	2.459116e-05	5.124065e-05
1.566999999999938e+00	2.459116e-05	5.124333e-05
1.567999999999938e+00	2.459116e-05	5.124601e-05
1.568999999999938e+00	2.459116e-05	5.124870e-05
1.569999999999938e+00	2.459116e-05	5.125139e-05
1.570999999999938e+00	2.459116e-05	5.125409e-05
1.571999999999938e+00	2.459116e-05	5.125679e-05
1.572999999999938e+00	2.459116e-05	5.125950e-05
1.573999999999937e+00	2.459116e-05	5.126221e-05
1.574999999999937e+00	2.459116e-05	5.126492e-05
1.575999999999937e+00	2.459116e-05	5.126765e-05
1.576999999999937e+00	2.459116e-05	5.127037e-05
1.577999999999937e+00	2.459116e-05	5.127310e-05
1.578999999999937e+00	2.459116e-05	5.127583e-05
1.579999999999937e+00	2.459116e-05	5.127857e-05
1.580999999999937e+00	2.459116e-05	5.128131e-05
1.581999999999937e+00	2.459116e-05	5.128406e-05
1.582999999999936e+00	2.459116e-05	5.128682e-05
1.583999999999936e+00	2.459116e-05	5.128957e-05
1.584999999999936e+00	2.459116e-05	5.129234e-05
1.585999999999936e+00	2.459116e-05	5.129511e-05
1.586999999999936e+00	2.459116e-05	5.129788e-05
1.587999999999936e+00	2.459116e-05	5.130066e-05
1.588999999999936e+00	2.459116e-05	5.130344e-05
1.589999999999936e+00	2.459116e-05	5.130623e-05
1.590999999999936e+00	2.459116e-05	5.130903e-05
1.591999999999935e+00	2.459116e-05	5.131182e-05
1.592999999999935e+00	2.459116e-05	5.131463e-05
1.593999999999935e+00	2.459116e-05	5.131744e-05
1.594999999999935e+00	2.459116e-05	5.132025e-05
1.595999999999935e+00	2.459116e-05	5.132308e-05
1.596999999999935e+00	2.459116e-05	5.132590e-05
1.597999999999935e+00	2.459116e-05	5.132873e-05
1.598999999999935e+00	2.459116e-05	5.133157e-05
1.599999999999935e+00	2.459116e-05	5.133441e-05
1.600999999999934e+00	2.459116e-05	5.133726e-05
1.601999999999934e+00	2.459116e-05	5.134012e-05
1.602999999999934e+00	2.459116e-05	5.134298e-05
1.603999999999934e+00	2.459116e-05	5.134584e-05
1.604999999999934e+00	2.459116e-05	5.134871e-05
1.605999999999934e+00	2.459116e-05	5.135159e-05
1.606999999999934e+00	2.459116e-05	5.135447e-05
1.607999999999934e+00	2.459116e-05	5.135736e-05
1.608999999999934e+00	2.459116e-05	5.136026e-05
1.609999999999933e+00	2.459116e-05	5.136316e-05
1.610999999999933e+00	2.459116e-05	5.136606e-05
1.611999999999933e+00	2.459116e-05	5.136898e-05
1.612999999999933e+00	2.459116e-05	5.137190e-05
1.613999999999933e+00	2.459116e-05	5.137482e-05
1.614999999999933e+00	2.459116e-05	5.137775e-05
1.615999999999933e+00	2.459116e-05	5.138069e-05
1.616999999999933e+00	2.459116e-05	5.138363e-05
1.617999999999933e+00	2.459116e-05	5.138658e-05
1.618999999999932e+00	2.459116e-05	5.138954e-05
1.619999999999932e+00	2.459116e-05	5.139250e-05
1.620999999999932e+00	2.459116e-05	5.139547e-05
1.621999999999932e+00	2.459116e-05	5.139845e-05
1.622999999999932e+00	2.459116e-05	5.140143e-05
1.623999999999932e+00	2.459116e-05	5.140442e-05
1.624999999999932e+00	2.459116e-05	5.140741e-05
1.625999999999932e+00	2.459116e-05	5.141041e-05
1.626999999999932e+00	2.459116e-05	5.141342e-05
1.627999999999932e+00	2.459116e-05	5.141644e-05
1.628999999999931e+00	2.459116e-05	5.141946e-05
1.629999999999931e+00	2.459116e-05	5.142249e-05
1.630999999999931e+00	2.459116e-05	5.142553e-05
1.631999999999931e+00	2.459116e-05	5.142857e-05
1.632999999999931e+00	2.459116e-05	5.143162e-05
1.633999999999931e+00	2.459116e-05	5.143468e-05
1.634999999999931e+00	2.459116e-05	5.143774e-05
1.635999999999931e+00	2.459116e-05	5.144081e-05
1.636999999999931e+00	2.459116e-05	5.144389e-05
1.637999999999930e+00	2.459116e-05	5.144698e-05
1.638999999999930e+00	2.459116e-05	5.145007e-05
1.639999999999930e+00	2.459116e-05	5.145317e-05
1.640999999999930e+00	2.459116e-05	5.145628e-05
1.641999999999930e+00	2.459116e-05	5.145940e-05
1.642999999999930e+00	2.459116e-05	5.146252e-05
1.643999999999930e+00	2.459116e-05	5.146565e-05
1.644999999999930e+00	2.459116e-05	5.146879e-05
1.645999999999930e+00	2.459116e-05	5.147193e-05
1.646999999999929e+00	2.459116e-05	5.147509e-05
1.647999999999929e+00	2.459116e-05	5.147825e-05
1.648999999999929e+00	2.459116e-05	5.148142e-05
1.649999999999929e+00	2.459116e-05	5.148459e-05
1.650999999999929e+00	2.459116e-05	5.148778e-05
1.651999999999929e+00	2.459116e-05	5.149097e-05
1.652999999999929e+00	2.459116e-05	5.149417e-05
1.653999999999929e+00	2.459116e-05	5.149738e-05
1.654999999999929e+00	2.459116e-05	5.150060e-05
1.655999999999928e+00	2.459116e-05	5.150382e-05
1.656999999999928e+00	2.459116e-05	5.150705e-05
1.657999999999928e+00	2.459116e-05	5.151029e-05
1.658999999999928e+00	2.459116e-05	5.151355e-05
1.659999999999928e+00	2.459116e-05	5.151680e-05
1.660999999999928e+00	2.459116e-05	5.152007e-05
1.661999999999928e+00	2.459116e-05	5.152334e-05
1.662999999999928e+00	2.459116e-05	5.152663e-05
1.663999999999928e+00	2.459116e-05	5.152992e-05
1.664999999999927e+00	2.459116e-05	5.153322e-05
1.665999999999927e+00	2.459116e-05	5.153653e-05
1.666999999999927e+00	2.459116e-05	5.153985e-05
1.667999999999927e+00	2.459116e-05	5.154318e-05
1.668999999999927e+00	2.459116e-05	5.154651e-05
1.669999999999927e+00	2.459116e-05	5.154986e-05
1.670999999999927e+00	2.459116e-05	5.155321e-05
1.671999999999927e+00	2.459116e-05	5.155658e-05
1.672999999999927e+00	2.459116e-05	5.155995e-05
1.673999999999926e+00	2.459116e-05	5.156333e-05
1.674999999999926e+00	2.459116e-05	5.156672e-05
1.675999999999926e+00	2.459116e-05	5.157012e-05
1.676999999999926e+00	2.459116e-05	5.157353e-05
1.677999999999926e+00	2.459116e-05	5.157695e-05
1.678999999999926e+00	2.459116e-05	5.158038e-05
1.679999999999926e+00	2.459116e-05	5.158381e-05
1.680999999999926e+00	2.459116e-05	5.158726e-05
1.681999999999926e+00	2.459116e-05	5.159072e-05
1.682999999999925e+00	2.459116e-05	5.159419e-05
1.683999999999925e+00	2.459116e-05	5.159766e-05
1.684999999999925e+00	2.459116e-05	5.160115e-05
1.685999999999925e+00	2.459116e-05	5.160465e-05
1.686999999999925e+00	2.459116e-05	5.160815e-05
1.687999999999925e+00	2.459116e-05	5.161167e-05
1.688999999999925e+00	2.459116e-05	5.161520e-05
1.689999999999925e+00	2.459116e-05	5.161873e-05
1.690999999999925e+00	2.459116e-05	5.162228e-05
1.691999999999924e+00	2.459116e-05	5.162583e-05
1.692999999999924e+00	2.459116e-05	5.162940e-05
1.693999999999924e+00	2.459116e-05	5.163298e-05
1.694999999999924e+00	2.459116e-05	5.163657e-05
1.695999999999924e+00	2.459116e-05	5.164017e-05
1.696999999999924e+00	2.459116e-05	5.164378e-05
1.697999999999924e+00	2.459116e-05	5.164740e-05
1.698999999999924e+00	2.459116e-05	5.165103e-05
1.699999999999924e+00	2.459116e-05	5.165467e-05
1.700999999999923e+00	2.459116e-05	5.165832e-05
1.701999999999923e+00	2.459116e-05	5.166198e-05
1.702999999999923e+00	2.459116e-05	5.166566e-05
1.703999999999923e+00	2.459116e-05	5.166934e-05
1.704999999999923e+00	2.459116e-05	5.167304e-05
1.705999999999923e+00	2.459116e-05	5.167675e-05
1.706999999999923e+00	2.459116e-05	5.168047e-05
1.707999999999923e+00	2.459116e-05	5.168420e-05
1.708999999999923e+00	2.459116e-05	5.168794e-05
1.709999999999922e+00	2.459116e-05	5.169170e-05
1.710999999999922e+00	2.459116e-05	5.169546e-05
1.711999999999922e+00	2.459116e-05	5.169924e-05
1.712999999999922e+00	2.459116e-05	5.170302e-05
1.713999999999922e+00	2.459116e-05	5.170683e-05
1.714999999999922e+00	2.459116e-05	5.171063e-05
1.715999999999922e+00	2.459116e-05	5.171446e-05
1.716999999999922e+00	2.459116e-05	5.171830e-05
1.717999999999922e+00	2.459116e-05	5.172214e-05
1.718999999999921e+00	2.459116e-05	5.172600e-05
1.719999999999921e+00	2.459116e-05	5.172988e-05
1.720999999999921e+00	2.459116e-05	5.173376e-05
1.721999999999921e+00	2.459116e-05	5.173766e-05
1.722999999999921e+00	2.459116e-05	5.174156e-05
1.723999999999921e+00	2.459116e-05	5.174549e-05
1.724999999999921e+00	2.459116e-05	5.174942e-05
1.725999999999921e+00	2.459116e-05	5.175337e-05
1.726999999999921e+00	2.459116e-05	5.175733e-05
1.727999999999920e+00	2.459116e-05	5.176130e-05
1.728999999999920e+00	2.459116e-05	5.176528e-05
1.729999999999920e+00	2.459116e-05	5.176928e-05
1.730999999999920e+00	2.459116e-05	5.177330e-05
1.731999999999920e+00	2.459116e-05	5.177732e-05
1.732999999999920e+00	2.459116e-05	5.178136e-05
1.733999999999920e+00	2.459116e-05	5.178541e-05
1.734999999999920e+00	2.459116e-05	5.178947e-05
1.735999999999920e+00	2.459116e-05	5.179355e-05
1.736999999999919e+00	2.459116e-05	5.179764e-05
1.737999999999919e+00	2.459116e-05	5.180174e-05
1.738999999999919e+00	2.459116e-05	5.180586e-05
1.739999999999919e+00	2.459116e-05	5.180999e-05
1.740999999999919e+00	2.459116e-05	5.181414e-05
1.741999999999919e+00	2.459116e-05	5.181830e-05
1.742999999999919e+00	2.459116e-05	5.182247e-05
1.743999999999919e+00	2.459116e-05	5.182666e-05
1.744999999999919e+00	2.459116e-05	5.183086e-05
1.745999999999919e+00	2.459116e-05	5.183508e-05
1.746999999999918e+00	2.459116e-05	5.183931e-05
1.747999999999918e+00	2.459116e-05	5.184355e-05
1.748999999999918e+00	2.459116e-05	5.184781e-05
1.749999999999918e+00	2.459116e-05	5.185208e-05
1.750999999999918e+00	2.459116e-05	5.185637e-05
1.751999999999918e+00	2.459116e-05	5.186067e-05
1.752999999999918e+00	2.459116e-05	5.186499e-05
1.753999999999918e+00	2.459116e-05	5.186932e-05
1.754999999999918e+00	2.459116e-05	5.187367e-05
1.755999999999917e+00	2.459116e-05	5.187803e-05
1.756999999999917e+00	2.459116e-05	5.188241e-05
1.757999999999917e+00	2.459116e-05	5.188680e-05
1.758999999999917e+00	2.459116e-05	5.189121e-05
1.759999999999917e+00	2.459116e-05	5.189563e-05
1.760999999999917e+00	2.459116e-05	5.190008e-05
1.761999999999917e+00	2.459116e-05	5.190453e-05
1.762999999999917e+00	2.459116e-05	5.190900e-05
1.763999999999917e+00	2.459116e-05	5.191348e-05
1.764999999999916e+00	2.459116e-05	5.191798e-05
1.765999999999916e+00	2.459116e-05	5.192250e-05
1.766999999999916e+00	2.459116e-05	5.192704e-05
1.767999999999916e+00	2.459116e-05	5.193158e-05
1.768999999999916e+00	2.459116e-05	5.193615e-05
1.769999999999916e+00	2.459116e-05	5.194073e-05
1.770999999999916e+00	2.459116e-05	5.194533e-05
1.771999999999916e+00	2.459116e-05	5.194994e-05
1.772999999999916e+00	2.459116e-05	5.195458e-05
1.773999999999915e+00	2.459116e-05	5.195922e-05
1.774999999999915e+00	2.459116e-05	5.196389e-05
1.775999999999915e+00	2.459116e-05	5.196857e-05
1.776999999999915e+00	2.459116e-05	5.197327e-05
1.777999999999915e+00	2.459116e-05	5.197799e-05
1.778999999999915e+00	2.459116e-05	5.198272e-05
1.779999999999915e+00	2.459116e-05	5.198747e-05
1.780999999999915e+00	2.459116e-05	5.199223e-05
1.781999999999915e+00	2.459116e-05	5.199702e-05
1.782999999999914e+00	2.459116e-05	5.200182e-05
1.783999999999914e+00	2.459116e-05	5.200664e-05
1.784999999999914e+00	2.459116e-05	5.201148e-05
1.785999999999914e+00	2.459116e-05	5.201633e-05
1.786999999999914e+00	2.459116e-05	5.202120e-05
1.787999999999914e+00	2.459116e-05	5.202609e-05
1.788999999999914e+00	2.459116e-05	5.203100e-05
1.789999999999914e+00	2.459116e-05	5.203593e-05
1.790999999999914e+00	2.459116e-05	5.204087e-05
1.791999999999913e+00	2.459116e-05	5.204584e-05
1.792999999999913e+00	2.459116e-05	5.205082e-05
1.793999999999913e+00	2.459116e-05	5.205582e-05
1.794999999999913e+00	2.459116e-05	5.206084e-05
1.795999999999913e+00	2.459116e-05	5.206588e-05
1.796999999999913e+00	2.459116e-05	5.207093e-05
1.797999999999913e+00	2.459116e-05	5.207601e-05
1.798999999999913e+00	2.459116e-05	5.208110e-05
1.800000000000000e+00	2.459116e-05	5.208622e-05
